Data 6921 28 1428
Data 7020 1897 94881
Data 7130 78 3949
Data 7143 21 1058
Data 7129 18 939
Data 7474 170 8530
Data 7391 112 5606
Data 7562 20 1002
Data 7623 80 4028
Data 7333 1 83
Data 7054 1232 61616
Data 8208 20 1041
Data 8295 23 1177
nue_cc_out_fv 3 6473 647294
nc_pi0 3 3387 338631
nc_pi0 3 419 41842
numu_cc_res 3 2865 286449
nue_cc_mec 3 7932 793154
numu_cc_res 3 7270 726940
nc_pi0 3 6413 641252
nue_cc_res 3 3410 340950
nc_pi0 3 6286 628592
nue_cc_qe 3 5620 561948
nc_pi0 3 7392 739142
numu_cc_dis 3 3025 302473
nc_pi0 3 925 92437
nue_cc_coh 3 4431 443011
nc_pi0 3 4722 472125
nc_pi0 3 1266 126586
nc 3 1571 157089
nc_pi0 3 711 71018
nue_cc_qe 3 7551 755019
nc_pi0 3 2735 273409
nc_pi0 3 1138 113787
nue_cc_qe 3 1731 173084
nue_cc_coh 3 7037 703687
nc_pi0 3 4950 494910
nc_pi0 3 4075 407477
nc_pi0 3 7493 749262
numu_cc_dis 3 4128 412729
nue_cc_qe 3 3541 354079
nc_pi0 3 2435 243465
nc_pi0 3 3958 395763
numu_cc_dis 3 2061 206084
nc_pi0 3 537 53653
numu_cc_res 3 3079 307827
nc_pi0 3 1697 169622
numu_cc_dis 3 1697 169624
numu_cc_dis 3 3875 387437
nue_cc_qe 3 2782 278125
cosmic 3 3932 393191
numu_cc_dis 3 2136 213550
nc_pi0 3 3873 387273
nue_cc_qe 3 1501 150025
numu_cc_dis 3 1501 150063
nue_bar_cc_qe 3 5517 551647
nc_pi0 3 6625 662428
numu_cc_dis 3 5774 577378
nc_pi0 3 5277 527664
nc_pi0 3 3074 307365
nc_pi0 3 4782 478140
nc_pi0 3 988 98756
nc_pi0 3 7525 752422
nc 3 844 84355
nue_cc_mec 3 822 82182
numu_cc_res 3 278 27797
numu_cc_dis 3 519 51811
numu_cc_mixed 3 4901 490086
nue_cc_mec 3 4565 456422
nc_pi0 3 3516 351516
nc_pi0 3 4711 471042
nc_pi0 3 6024 602335
nc_pi0 3 4442 444137
nc 3 2754 275331
nc_pi0 3 2615 261450
nc_pi0 3 3294 329363
numu_cc_res 3 6759 675843
numu_cc_dis 3 2897 289673
nc_pi0 3 145 14447
nue_cc_res 3 2416 241512
nue_cc_qe 3 7015 701421
nue_cc_qe 3 4466 446537
nc_pi0 3 6565 656476
nc_pi0 3 5730 572908
nc_pi0 3 3070 306986
nue_cc_mec 3 651 65026
nue_cc_mec 3 3836 383560
nc_pi0 3 3707 370634
numu_cc_res 3 257 25611
nc_pi0 3 2689 268808
nc_pi0 3 1310 130945
nc_pi0 3 3914 391325
nc_pi0 3 7949 794829
nc_pi0 3 2360 235957
nc_pi0 3 1672 167173
nc_pi0 3 993 99231
nue_cc_res 3 4253 425249
nue_cc_qe 3 7596 759536
nc_pi0 3 4538 453792
numu_cc_mec 3 3251 325057
nc 3 74 7361
nc_pi0 3 102 10126
nue_cc_qe 3 5557 555603
numu_cc_res 3 5717 571685
nc_pi0 3 1995 199413
nc_pi0 3 2984 298340
nc 3 3843 384227
nc_pi0 3 1144 114348
nc_pi0 3 859 85875
nc_pi0 3 5117 511696
nc_pi0 3 3201 320052
nc_pi0 3 5411 541023
numu_cc_dis 3 3978 397744
nc_pi0 3 1173 117234
numu_cc_dis 3 6726 672502
numu_cc_res 3 6656 665507
numu_cc_dis 3 6278 627731
nue_cc_qe 3 7445 744496
nue_cc_dis 3 5357 535627
nc_pi0 3 7396 739574
nue_cc_dis 3 2529 252868
nc_pi0 3 2791 279039
cosmic 3 736 73530
nue_cc_mec 3 7092 709103
nue_cc_dis 3 3690 368913
nc_pi0 3 3559 355814
nc_pi0 3 5352 535139
nc_pi0 3 4882 488178
numu_cc_res 3 2208 220715
numu_cc_res 3 377 37689
nc_pi0 3 4403 440224
nc_pi0 3 2666 266586
nue_cc_dis 3 4014 401400
nc_pi0 3 1074 107350
numu_cc_dis 3 7257 725690
nc_pi0 3 4148 414742
nc_pi0 3 1400 139927
nue_bar_cc_res 3 1400 139950
nc_pi0 3 2641 264005
nc_pi0 3 3438 343729
nc_pi0 3 291 29063
nue_cc_qe 3 3148 314786
numu_cc_dis 3 1171 117046
nue_cc_dis 3 1151 115070
numu_cc_res 3 1850 184997
nc_pi0 3 7056 705592
numu_cc_dis 3 1121 112076
nc_pi0 3 6420 641992
nc_pi0 3 4333 433291
nc_pi0 3 2737 273696
nc_pi0 3 2413 241206
nue_cc_dis 3 1393 139275
nue_cc_mec 3 1307 130676
nc_pi0 3 5303 530245
nc_pi0 3 6540 653938
nc_pi0 3 7672 767162
nc_pi0 3 6287 628660
nc_pi0 3 1589 158864
nc_pi0 3 7938 793753
nc_pi0 3 3997 399663
nc_pi0 3 3241 324013
nc_pi0 3 2978 297702
nue_cc_res 3 2349 234888
nue_cc_qe 3 7536 753580
nc_pi0 3 4264 426398
cosmic 3 1924 192332
nc 3 6397 639640
nc_pi0 3 1451 145046
numu_cc_dis 3 939 93810
nc_pi0 3 4610 460979
nc_pi0 3 4090 408957
nc_pi0 3 2383 238206
numu_cc_qe 3 347 34669
numu_cc_dis 3 128 12768
numu_cc_res 3 4735 473499
numu_cc_res 3 4076 407563
numu_cc_dis 3 4222 422172
nc_pi0 3 4777 477663
nue_cc_qe 3 3790 378903
nc_pi0 3 3 234
nue_cc_qe 3 167 16690
nc_pi0 3 899 89834
nue_cc_res 3 780 77988
nc_pi0 3 5866 586566
nue_cc_res 3 1326 132513
nc_pi0 3 1326 132586
nue_bar_cc_res 3 7534 753375
numu_cc_res 3 4763 476267
nc_pi0 3 2546 254553
nue_cc_qe 3 466 46561
numu_cc_mec 3 7195 719499
numu_cc_res 3 3952 395151
nc_pi0 3 1030 102976
nc_pi0 3 4649 464815
nc_pi0 3 2792 279152
numu_cc_dis 3 4135 413487
nue_cc_res 3 175 17480
nue_cc_qe 3 2343 234245
nue_cc_out_fv 3 2183 218212
numu_cc_res 3 1563 156275
nc_pi0 3 3362 336185
nc_pi0 3 5231 523088
cosmic 3 2266 226572
cosmic 3 5822 582195
nc_pi0 3 2748 274729
nc_pi0 3 3951 395094
nc_pi0 3 7362 736191
nc_pi0 3 3145 314459
nc_pi0 3 1590 158903
nc_pi0 3 7870 786964
nc_pi0 3 1649 164852
nue_cc_mec 3 373 37236
nc_pi0 3 7355 735410
nc_pi0 3 7557 755623
nc_pi0 3 6428 642709
nc_pi0 3 4872 487139
nue_cc_qe 3 5195 519405
nue_cc_qe 3 3593 359205
nue_cc_res 3 4978 497774
nc_pi0 3 4184 418314
numu_cc_res 3 2599 259894
numu_cc_dis 3 7107 710634
nc_pi0 3 3465 346425
cosmic 3 3316 331575
nue_cc_qe 3 5339 533873
nc_pi0 3 7675 767423
nc_pi0 3 4225 422443
numu_cc_res 3 5613 561274
nue_cc_res 3 545 54454
numu_cc_dis 3 786 78541
numu_cc_res 3 5164 516325
nc_pi0 3 5784 578318
nue_cc_res 3 4053 405258
numu_cc_qe 3 6166 616514
nue_cc_coh 3 528 52711
nc_pi0 3 641 64036
nc_pi0 3 5584 558310
numu_cc_dis 3 1815 181442
nue_cc_qe 3 1949 194857
numu_cc_dis 3 710 70961
nc_pi0 3 3479 347875
nc_pi0 3 7019 701884
nc 3 3323 332218
numu_cc_res 3 1410 140917
nue_cc_qe 3 2962 296101
nc_pi0 3 2962 296165
nue_bar_cc_qe 3 2989 298886
nue_bar_cc_mec 3 3878 387711
nc_pi0 3 7246 724530
nc_pi0 3 3121 312047
nc_pi0 3 4622 462158
nc 3 5192 519164
nc_pi0 3 6519 651897
numu_cc_res 3 870 86937
nc_pi0 3 1622 162198
nc_pi0 3 658 65719
nue_cc_qe 3 7027 702622
nc_pi0 3 3464 346313
numu_cc_mec 3 7968 796739
nc_pi0 3 6438 643754
nue_cc_res 3 3268 326756
nc_pi0 3 5875 587438
nc_pi0 3 7735 773440
nc_pi0 3 4800 479999
nc_pi0 3 135 13458
nc_pi0 3 4072 407132
nc_pi0 3 5025 502453
nue_cc_res 3 5025 502493
nue_cc_qe 3 4974 497304
nc_pi0 3 5682 568187
numu_cc_res 3 405 40419
nue_bar_cc_res 3 5563 556300
numu_cc_res 3 2035 203479
nc_pi0 3 1644 164332
nc_pi0 3 1644 164375
numu_cc_qe 3 4162 416122
nc_pi0 3 6766 676568
numu_cc_res 3 6351 635060
numu_cc_dis 3 4825 482457
nc_pi0 3 4854 485358
nue_cc_qe 3 4199 419818
nue_cc_res 3 3453 345296
nc_pi0 3 1141 114029
nc_pi0 3 4707 470626
nc_pi0 3 5082 508119
numu_cc_res 3 5082 508156
numu_cc_res 3 855 85465
numu_cc_dis 3 6105 610452
nc_pi0 3 1755 175418
nc_pi0 3 2337 233685
nue_cc_qe 3 5013 501262
nue_bar_cc_coh 3 448 44716
numu_cc_res 3 193 19270
nc_pi0 3 1416 141596
nc_pi0 3 4402 440106
cosmic 3 572 57138
nue_cc_qe 3 4593 459225
nc_pi0 3 6307 630683
numu_cc_dis 3 6516 651549
nue_cc_qe 3 1243 124235
nc_pi0 3 5188 518787
nc_pi0 3 4407 440608
cosmic 3 1591 159087
numu_cc_dis 3 2653 265272
nc_pi0 3 151 15058
nc_pi0 3 2045 204489
nc_pi0 3 4043 404276
nue_cc_qe 3 7816 781511
nc_pi0 3 4073 407245
nue_cc_out_fv 3 1362 136160
nue_cc_mec 3 5 419
nc_pi0 3 4795 479440
nc_pi0 3 5970 596997
nc_pi0 3 3675 367417
nue_cc_qe 3 2217 221686
nc_pi0 3 732 73106
numu_cc_dis 3 3636 363518
unmatched 3 6268 626762
nue_cc_mec 3 3870 386907
numu_cc_res 3 1630 162962
nc 3 4174 417332
nc_pi0 3 5877 587684
nc_pi0 3 604 60337
nc_pi0 3 2484 248379
nc 3 5048 504768
nc_pi0 3 2163 216218
numu_cc_dis 3 7067 706690
nc_pi0 3 6650 664975
nc_pi0 3 6367 636613
nue_cc_res 3 991 99039
numu_cc_res 3 2632 263179
nc_pi0 3 6412 641169
numu_cc_res 3 7178 717713
nc_pi0 3 1954 195351
nc_pi0 3 461 46060
numu_cc_dis 3 2068 206763
nc_pi0 3 5942 594144
nc_pi0 3 7219 721879
nc_pi0 3 7996 799537
numu_cc_res 3 1834 183334
nc_pi0 3 1997 199627
nc_pi0 3 3386 338568
nue_cc_res 3 743 74282
nc_pi0 3 4439 443816
nc_pi0 3 7662 766102
nc_pi0 3 4895 489439
nue_cc_res 3 7582 758156
numu_cc_qe 3 453 45269
nue_bar_cc_res 3 6139 613836
nue_cc_qe 3 931 93027
nc_pi0 3 6324 632325
nc_pi0 3 884 88400
numu_cc_dis 3 3622 362101
nc_pi0 3 7001 700062
nue_cc_qe 3 2252 225120
nc_pi0 3 6138 613764
nc_pi0 3 5821 582023
nc_pi0 3 6430 643000
nc_pi0 3 7822 782136
nc_pi0 3 7822 782199
nc_pi0 3 106 10508
nc_pi0 3 5728 572729
nc_pi0 3 5389 538881
nc_pi0 3 703 70216
nue_cc_res 3 4315 431434
nc_pi0 3 3442 344121
nc_pi0 3 1537 153635
nc_pi0 3 4866 486560
nue_cc_qe 3 195 19414
nc_pi0 3 275 27459
nue_cc_qe 3 154 15386
nc_pi0 3 1615 161431
nue_cc_res 3 5294 529328
nc_pi0 3 3445 344478
nc_pi0 3 3854 385333
nc_pi0 3 2684 268320
nc_pi0 3 7708 770800
nc_pi0 3 7842 784129
nue_cc_res 3 6514 651307
nc_pi0 3 1580 157983
nc_pi0 3 1178 117792
nc_pi0 3 2459 245870
nue_cc_res 3 3085 308444
nue_cc_qe 3 7235 723468
nc_pi0 3 1275 127433
nue_cc_mec 3 1203 120226
nc_pi0 3 7967 796664
numu_cc_dis 3 4060 405929
nc_pi0 3 792 79195
nc 3 2375 237406
nc_pi0 3 386 38537
nc_pi0 3 6731 673047
nc_pi0 3 4616 461569
nue_cc_qe 3 5232 523180
nc 3 6251 625005
nue_cc_dis 3 6366 636554
nc_pi0 3 5498 549785
nc_pi0 3 1805 180435
nc 3 1805 180450
nue_cc_qe 3 2177 217680
nc_pi0 3 3107 310657
nue_cc_dis 3 6995 699462
numu_cc_res 3 1394 139323
nc_pi0 3 4941 494093
nue_cc_res 3 45 4408
nc_pi0 3 5859 585855
nue_cc_mec 3 4858 485721
nue_bar_cc_res 3 4674 467388
numu_cc_res 3 4713 471286
nue_cc_qe 3 1627 162667
nue_cc_dis 3 4209 420900
nc_pi0 3 1224 122391
nc_pi0 3 2264 226363
nc_pi0 3 7217 721685
nc_pi0 3 5187 518633
nc_pi0 3 3833 383211
numu_cc_dis 3 2466 246538
numu_cc_dis 3 6563 656204
nue_cc_mec 3 5167 516610
nc_pi0 3 5486 548567
nc_pi0 3 6047 604662
nc 3 3774 377346
nc_pi0 3 1043 104221
nc_pi0 3 2410 240905
nue_bar_cc_res 3 1975 197450
nc 3 6399 639893
nue_cc_mec 3 3322 332163
numu_cc_res 3 5258 525753
nc_pi0 3 33 3224
nc_pi0 3 4753 475277
nue_cc_qe 3 1700 169991
nue_cc_qe 3 4689 468878
nue_cc_mec 3 5006 500549
nc_pi0 3 5720 571937
nue_cc_qe 3 7223 722232
nue_cc_qe 3 315 31465
numu_cc_qe 3 2891 289060
nc_pi0 3 7144 714377
nue_cc_qe 3 4027 402682
nue_cc_res 3 5093 509209
numu_cc_res 3 6631 663064
nc_pi0 3 973 97206
nue_cc_qe 3 973 97297
nc_pi0 3 2545 254447
nc_pi0 3 5780 577998
nc_pi0 3 3783 378216
nc 3 3783 378266
nc_pi0 3 7882 788190
numu_cc_res 3 5571 557026
nc_pi0 3 3072 307200
numu_cc_res 3 4136 413521
nc_pi0 3 701 70011
nc_pi0 3 2738 273782
nue_cc_qe 3 1829 182855
nc_pi0 3 4085 408419
numu_cc_res 3 7646 764536
nue_cc_res 3 4657 465686
nc_pi0 3 5505 550495
other_mixed 3 3080 307933
nc_pi0 3 6680 667932
nc_pi0 3 1343 134217
nue_cc_out_fv 3 5058 505765
nc_pi0 3 6882 688181
nc_pi0 3 3566 356595
numu_cc_dis 3 6600 659932
numu_cc_qe 3 7103 710265
numu_cc_res 3 348 34796
nue_cc_mec 3 7317 731624
numu_cc_res 3 7812 781150
nc_pi0 3 216 21517
numu_cc_res 3 930 92975
nc_pi0 3 7641 764089
