6231 54
6183 70
6201 10
6125 69
6075 71
6235 54
6183 77
6231 13
6026 59
6300 11
6303 128
6139 84
6201 61
6101 59
6166 10
6046 75
6285 53
6229 37
6183 33
6065 30
6334 72
6211 0
6176 201
6080 0
6157 82
6278 5
6160 17
6310 28
6312 53
6134 3
6078 66
6149 79
6179 89
6218 16
6184 0
6280 3
6092 128
6176 187
6065 10
6286 10
6055 2
6182 41
6046 18
6052 117
6195 47
6106 109
6310 66
6106 0
6121 24
6318 127
6283 55
6109 10
6138 0
6146 0
6203 50
6280 4
6281 30
6001 34
6300 64
6340 157
6318 139
6092 22
6206 82
6309 10
6145 34
6165 28
6094 10
6219 126
6206 0
6176 149
6181 20
6309 4
6118 180
6285 46
6206 58
6149 12
6286 47
6144 0
6149 98
6218 59
6024 52
6076 116
6092 78
6184 42
6318 129
6025 0
6094 22
6285 51
6052 76
6080 137
6058 56
6114 140
6235 64
6146 57
6176 99
6224 0
6300 150
6213 24
6340 72
6311 86
6226 93
6219 139
6157 29
6231 63
6180 51
6027 26
6206 104
6285 50
6286 88
6092 0
6160 15
6026 47
6286 67
5996 15
6134 18
6172 0
6036 15
6286 37
6027 2
6151 3
6156 11
6312 41
6092 60
6210 20
6206 25
6076 76
6113 30
6300 160
6224 27
6303 38
6151 0
6300 100
6285 35
6288 11
6134 28
6080 66
6195 67
6201 40
6118 211
6134 13
6080 76
6017 14
6230 0
6226 32
6285 80
6166 14
6151 94
6211 99
6058 20
6227 31
6101 29
6073 70
6113 40
6180 31
6134 24
6288 88
6195 31
6180 20
6134 40
6106 48
6182 20
6285 89
6333 16
6080 111
6211 163
6076 0
6318 0
6283 93
6109 0
6000 26
6157 41
6031 206
6118 222
6281 117
6001 38
6096 17
6211 104
6218 72
6203 41
6219 162
6211 219
5942 25
6073 20
6000 10
6303 47
6225 10
6337 21
6031 46
6230 90
6312 38
6046 55
6130 13
6288 49
6334 112
6234 20
6146 87
6000 0
6218 75
6311 105
6283 17
6076 20
6125 61
6288 139
6160 58
6195 28
5941 22
6121 73
6213 4
6315 10
6138 39
6224 53
6078 18
6052 96
6043 141
6231 65
6036 1
6115 90
6280 30
6151 49
6138 10
6310 12
6334 69
6176 102
6230 13
6300 128
6310 53
6166 54
6165 0
6283 48
6307 5
6308 2
6183 59
6052 1
6138 20
6285 30
6286 33
6114 40
6113 130
6203 64
6231 114
6279 26
6114 70
6076 30
6046 85
6076 11
6219 149
6315 24
6308 10
6179 99
6149 20
6280 75
6078 1
6026 13
6145 10
6218 94
6336 110
6160 65
6179 50
6043 188
6219 1
6025 20
6072 20
6076 133
6309 0
6337 37
6017 8
6094 27
6280 0
6144 31
6230 115
6052 64
6337 22
6336 72
6224 67
6206 70
6106 28
6285 2
6114 180
6001 0
6080 159
6046 128
6092 198
6141 24
6281 97
6336 62
6026 27
6318 79
6075 56
6141 0
5957 21
6025 43
6118 160
6052 0
6150 11
6139 43
6318 5
6024 95
6303 115
6206 51
6043 128
6036 27
6106 100
6197 7
6280 150
6113 70
6185 0
6063 47
6309 25
6052 38
6337 26
6106 3
6159 10
6218 0
6176 27
6179 79
6138 110
6220 41
6317 34
6055 52
6288 41
6134 43
6288 47
6310 0
6026 37
6067 0
6340 37
6078 62
6219 31
6183 7
6118 130
6043 19
6180 91
6235 50
6288 137
6078 4
6121 4
6157 11
6220 9
6113 10
6218 10
6106 79
6052 90
6308 41
6080 112
6118 40
6176 129
6280 107
6076 64
6024 51
6118 128
6036 41
6043 29
6118 218
6027 6
6056 39
6197 10
6076 69
6337 17
6130 1
6300 0
6139 29
6031 205
6183 6
6055 15
6139 75
6211 198
6139 131
6235 40
6312 174
6120 0
6333 49
6231 67
6219 103
6288 57
6286 23
6145 0
6114 170
6092 23
6113 90
6176 195
6149 157
6046 1
5938 82
6300 62
6146 10
6118 190
6058 23
6312 84
6030 64
6340 17
6074 100
6125 65
6058 160
6176 95
6125 10
6312 86
6078 20
6233 49
6336 142
6201 90
6031 97
6230 36
6205 25
6312 116
6205 57
6310 22
6224 78
6195 57
6280 64
6303 146
6043 107
6064 10
6065 50
6056 36
6184 63
6281 95
6278 43
6214 30
6080 44
6076 117
6201 80
6148 6
6300 170
6056 15
6115 100
6027 121
6118 112
6043 60
6182 0
5959 12
6288 160
6235 117
6334 1
6166 26
6118 142
6149 128
6340 0
6064 30
6073 60
6172 2
6139 83
6281 10
6197 20
6101 0
6115 103
6183 39
6226 42
6125 38
6138 50
6139 112
6288 176
6149 150
6141 14
6043 108
6303 98
6311 132
6078 11
6159 0
6125 20
6340 105
6025 10
6280 95
6288 21
6286 31
6075 46
6210 29
6043 119
6146 64
6183 98
6031 68
6036 61
6055 63
6079 14
6283 81
6113 110
6180 46
6203 10
6145 43
6183 28
6043 172
6308 3
6148 33
6176 91
6336 174
6092 3
6180 64
6308 51
6203 19
6046 35
6138 2
6182 58
6058 112
6203 31
6306 4
6121 44
6080 56
6224 77
6147 0
6176 159
6315 23
6092 84
6058 180
6185 22
6065 60
6079 10
6176 76
6300 190
6064 50
6308 0
6063 0
6157 54
6166 0
6303 126
6030 19
6092 200
6025 44
6226 107
6017 6
6303 75
6311 70
6312 44
6125 52
6176 130
6187 10
6139 74
6310 38
6233 0
6138 102
6151 100
6145 20
6043 101
6139 23
6226 86
6283 0
6286 146
6281 160
6125 32
6224 1
6075 24
6234 0
6230 10
6078 7
6149 26
6297 28
6227 0
6138 19
6080 138
6340 89
6334 52
6224 5
6288 114
6146 13
6149 38
6309 15
6101 51
6218 6
6151 31
6139 94
6182 33
6231 79
6113 50
6027 46
5938 17
6096 27
6340 57
6101 10
6211 30
6027 96
6093 0
6283 10
6156 21
6303 43
6027 90
6205 39
6206 133
6106 52
6134 27
6311 10
6138 32
6024 63
6092 38
6115 20
6073 100
6285 88
6149 16
6183 74
5949 33
6201 20
6176 123
6317 0
6017 5
6312 20
6121 31
6300 30
6303 78
6231 70
6318 33
6095 0
6144 10
6114 30
6183 76
6024 30
6157 53
6300 138
6125 78
6017 3
6160 45
6113 0
6229 20
6218 13
6318 19
6303 189
6318 6
6031 130
6280 61
6079 18
6031 174
6078 75
6074 20
6150 21
6285 140
6024 0
6138 48
6203 68
6076 45
6118 231
6307 0
6157 26
6211 20
6300 125
6000 24
6218 37
6025 95
6283 31
6205 2
6180 30
6001 36
5994 46
6031 129
6318 105
6096 5
6114 50
6300 10
6052 60
6283 46
6312 106
6046 26
6312 0
6073 110
6092 53
6183 0
6145 73
6285 61
6121 30
6058 193
6211 114
6218 64
6138 51
6300 50
6058 156
6340 114
6080 141
6118 170
6176 113
6092 26
6031 69
6311 101
6067 10
6046 65
6213 34
6197 0
5961 26
6125 46
6151 76
6300 13
6184 52
6030 102
6073 30
6231 89
6149 99
6078 31
6115 60
6281 139
6076 23
6182 30
6281 107
6308 24
5961 112
6179 40
6165 10
6078 67
6176 69
6101 65
6312 28
6206 128
6281 77
6179 30
6113 60
6280 43
6211 153
6106 1
6156 2
6219 21
6138 71
6231 2
6025 30
6203 0
6205 27
6043 127
6233 13
6340 140
6172 14
6285 47
6052 106
6219 52
6146 27
6219 86
6195 77
6073 40
6176 118
6151 64
6118 86
6141 4
6046 90
6206 85
6226 52
6176 44
6205 67
6303 114
6001 15
6052 17
6024 39
6065 80
6030 56
6138 111
6120 1
6118 66
6151 60
6235 116
6183 50
6095 8
6138 30
6288 31
6092 8
6147 50
6145 33
6235 30
6286 165
6106 71
6220 1
6340 93
6080 11
6231 75
6096 47
6312 74
6288 64
6118 76
6337 14
6235 86
6027 76
6101 46
6211 58
6118 200
6227 11
6205 51
6101 24
6096 37
6182 32
6024 83
6205 0
6148 0
6224 6
6206 119
6046 126
6179 60
6056 5
6312 10
6074 92
6027 38
6286 125
6134 42
5949 46
6206 10
6226 117
6303 88
6024 20
6226 71
6125 27
6340 10
6043 152
6058 89
6225 0
6234 30
6182 78
6031 74
6078 78
6055 0
6076 22
6285 48
6001 27
6074 70
6144 30
6052 26
6030 26
6303 175
6230 34
6030 58
6026 17
6043 9
6157 50
6303 28
6337 10
6156 12
6311 115
6233 29
6197 34
6036 57
6203 95
6080 89
6285 55
6278 25
6027 36
6334 0
6058 36
6125 54
6201 46
6058 192
6218 9
6106 18
6073 120
6017 0
6147 20
6113 120
6229 10
6336 156
6092 14
6288 77
6142 10
6219 49
6106 17
6312 56
6046 41
6311 30
6031 117
6317 44
6001 2
6176 0
6201 101
6043 109
6046 116
6092 120
6308 14
6026 76
6220 2
6340 167
6146 37
6318 62
6076 44
6030 98
6281 87
6206 55
6176 167
6195 17
6185 10
6026 0
6130 0
6121 14
6315 41
6180 41
6288 107
6031 192
6211 209
6184 2
6151 13
6147 31
6312 161
6043 163
6075 0
6027 112
6303 156
6151 75
6334 25
6149 116
6058 82
6055 37
6114 90
6211 34
6333 37
6144 20
6303 201
6312 30
6121 0
6074 60
6214 51
6076 50
6218 85
6001 35
6336 129
6031 30
6043 64
6224 47
5965 48
6118 10
6063 10
6147 10
6092 220
6072 1
6206 41
6074 0
6219 11
6334 40
6300 20
6180 21
6113 80
6285 52
6230 55
6280 110
6172 6
6063 31
6025 81
6286 77
6065 20
6080 1
6231 111
6219 97
6139 9
6226 2
6281 55
6176 34
6286 156
6080 109
6184 83
6206 40
6046 106
6172 15
6160 72
6079 19
6027 56
6281 45
6233 39
6318 65
6043 149
6148 50
6064 0
6230 70
6340 47
6043 0
5998 3
6231 44
6025 71
6288 149
6125 0
6219 62
6281 148
6303 105
6092 107
6315 7
6214 10
6303 58
6058 2
6279 11
6118 92
6308 52
5961 7
6114 20
6058 69
6166 23
6203 30
6211 174
6046 138
6074 120
6235 80
6226 69
6297 0
6203 51
6280 20
6146 18
6203 75
6118 214
6187 14
6080 100
6176 7
6280 138
6094 0
6076 65
6121 43
6101 19
6205 77
6336 59
6118 48
6121 50
6278 15
6031 216
6052 49
6176 108
6286 87
6179 62
6076 27
6308 5
6333 10
6231 38
6159 32
6074 110
6052 37
6147 32
6210 0
6337 16
6118 20
6056 35
6334 16
6229 32
6184 32
6227 10
6074 30
6115 50
6185 15
6183 69
6312 148
6334 50
6118 50
6115 80
6114 80
6027 79
6056 0
6288 97
6139 102
6211 128
6149 2
6303 13
6297 38
6064 20
6065 0
6121 61
6225 8
6211 143
6179 3
6149 50
6073 10
6180 10
6118 0
6336 19
6031 10
6218 93
6076 93
6074 35
6224 119
6211 123
6233 62
6024 41
6176 226
6113 20
6201 51
6230 134
6297 42
6226 144
6211 22
6121 46
6160 10
6219 113
6235 10
6026 64
6092 210
6151 47
6219 39
6228 6
6333 26
6076 78
6001 19
6205 102
6315 0
6063 20
6024 80
6114 160
6058 145
6046 0
6056 25
6285 101
6224 37
6025 61
6052 61
6080 147
6195 1
6182 10
6031 98
6151 42
6184 53
6139 63
6300 90
6317 4
6027 111
6333 0
6043 47
6281 35
6076 128
6176 1
6144 40
6058 64
6312 26
6078 0
6058 129
6300 110
6078 39
6303 18
6043 170
6318 121
6235 0
6230 105
6211 53
6285 91
6026 69
6214 42
6231 64
6106 38
6187 0
6300 180
6281 127
6156 0
6219 123
6183 13
6205 99
6075 13
5942 26
6225 6
6139 36
6219 76
6288 87
6092 57
6279 9
6182 88
6219 66
6043 86
6231 25
6092 40
6336 77
6280 159
6031 182
6336 0
6210 31
6150 1
6211 156
6063 30
6303 195
6030 18
6118 30
6072 0
6024 105
6043 37
6231 99
6075 36
6283 30
6026 75
6074 50
6230 60
6115 30
6224 108
6303 138
6026 7
6218 12
6303 85
6080 122
6224 7
6036 37
6026 78
6281 20
6219 0
6229 30
6184 22
6227 21
6226 67
6139 0
6157 64
6027 0
6211 138
6181 10
6001 5
6027 88
6340 130
6219 28
6106 32
6318 43
6121 59
6211 183
6176 24
6138 87
6184 15
6303 122
6063 41
6157 70
6078 52
6318 63
6031 20
6030 115
6318 53
6280 18
6134 0
6311 117
6138 61
6095 18
6160 25
6297 6
6176 136
6065 40
6336 93
6145 23
6201 30
6106 85
6160 48
6075 26
6280 33
6000 12
6074 130
6312 128
6210 10
6205 16
6306 0
6118 126
6333 53
6073 50
6279 0
6176 172
6312 64
6030 88
6336 2
6183 19
6315 30
6115 0
6231 0
6146 47
6285 0
6073 90
6214 52
6182 122
6311 100
6280 128
6340 117
6203 85
6315 29
6309 31
6285 54
6151 35
6079 2
6211 10
6300 1
6286 138
6235 20
6165 20
6141 15
6058 169
6278 33
6114 10
6288 164
6233 2
6148 30
6315 16
6149 0
6157 92
6176 59
6092 30
6288 117
6145 53
6075 2
6213 37
6183 92
6114 60
6205 87
6058 0
6224 88
6058 115
6211 173
6080 148
6079 17
6147 30
6031 44
6309 35
6340 82
6336 22
6206 16
6336 124
6303 10
6312 115
6075 66
6318 95
6101 6
6206 30
6121 41
5940 12
6224 17
6146 88
6280 41
6315 11
6179 20
6106 41
6233 19
6318 114
6176 10
6166 36
6134 41
6286 119
6142 0
6300 120
6055 13
6195 0
6206 113
6160 35
6183 10
6134 38
6311 58
6176 122
6036 0
6286 112
6281 53
6118 102
6179 10
6303 44
6031 88
6025 53
6092 43
6206 95
6058 106
6285 20
6096 0
6166 46
6074 90
6080 31
6109 6
6288 0
6224 62
6230 69
6121 51
6115 113
6064 40
6046 91
6078 12
5948 56
6094 20
6076 70
6024 10
6312 96
6337 0
6286 124
6159 22
6206 50
6220 29
6046 8
6297 20
6025 96
6311 20
6219 172
6058 54
6000 13
6176 101
6181 0
6336 100
6278 0
6030 6
6280 2
6283 41
6336 52
6092 37
6226 19
6303 176
6027 64
6157 0
6176 81
6195 85
6094 28
6219 20
6230 27
6228 0
6281 128
6125 25
6297 10
6230 42
6101 56
6031 148
6283 70
6201 0
6043 102
6138 91
6030 36
6176 93
6080 21
6281 67
6079 0
6285 49
6211 89
6303 170
6114 0
6073 80
6115 122
6214 40
6300 40
6231 12
6280 94
6205 89
6176 58
5968 22
6311 64
6109 11
6030 16
6076 36
6031 34
6310 27
6031 197
6317 14
6203 61
6307 15
6092 63
6286 13
6285 109
6036 34
6219 159
6052 19
6092 58
6151 18
6211 69
6145 27
6025 93
6027 122
6101 81
6286 126
6230 79
6300 60
6179 69
6046 92
6055 45
6139 122
6317 24
6096 10
6220 19
6286 0
6025 33
6285 71
6031 151
6106 64
6031 0
6285 128
6072 11
6138 90
6055 16
6334 34
6031 49
6211 79
6334 98
6340 97
6151 88
6214 20
6092 65
5996 17
6079 11
5996 56
6336 32
6024 91
6030 0
6180 0
6203 98
6235 96
6073 0
6218 23
6159 13
6286 43
6312 126
6055 27
6115 61
5941 36
6027 16
6226 134
6043 76
6195 64
6286 93
6311 0
6280 85
6031 32
6286 100
6156 20
6055 56
6226 25
6080 46
6182 68
6080 161
6303 166
6234 10
6080 32
6195 95
6092 2
6182 108
5938 83
6058 113
6229 0
6226 0
6074 80
6115 70
6072 24
6336 45
6286 79
6078 80
6176 191
6182 98
6114 130
6096 48
6114 100
6285 12
6226 62
6065 70
6283 60
6334 105
6024 28
6235 106
6226 100
6219 129
6336 97
6230 85
6184 64
6115 40
6230 125
6139 53
6080 79
6311 40
6157 8
6101 27
6233 53
6031 115
6043 177
6213 14
5949 30
6080 45
6179 0
6336 79
6310 2
6211 44
6074 10
6114 120
6312 147
6139 8
6340 59
6121 83
6079 39
6285 45
6180 71
6283 104
6229 43
6280 120
