5877 4
5932 40
5977 206
5804 135
5847 36
5930 89
6031 47
5808 48
5830 187
5933 12
5965 1
5824 40
5921 121
5979 144
5411 160
5497 40
5509 48
5512 213
5617 7
5706 4
5724 21
5782 62
5977 44
5996 16
5332 0
5362 0
5375 28
5819 164
5830 56
5832 150
5938 78
6030 64
6043 125
5839 0
5966 105
5804 112
5912 4
6043 140
5437 175
5617 32
5726 66
5767 161
5762 162
5822 21
5850 65
5925 24
6001 30
5830 68
5940 32
6026 25
5733 117
5880 36
5960 28
5985 19
5823 59
5897 24
5925 102
5983 30
5385 100
5499 110
5518 2
5127 70
5151 52
5343 18
5382 77
5756 5
5825 0
5827 94
5971 24
5819 233
5860 8
5925 111
5947 178
5832 59
5906 192
5971 104
5459 132
5531 84
5755 11
5412 100
5541 80
5586 20
5710 21
5761 3
5418 35
5436 86
5531 56
5564 41
5586 96
5819 220
5860 0
5949 8
6027 50
5127 128
5179 88
5364 78
5433 38
5499 170
5567 20
5705 75
5820 14
5832 205
5923 14
5412 4
5459 24
5515 11
5606 73
5433 130
5459 81
5531 16
5586 104
5808 119
5827 110
5929 97
6027 30
5762 164
5946 54
5990 10
5419 40
5531 60
5561 14
5722 25
5281 0
5370 36
5151 34
5203 40
5362 4
5418 31
5506 20
5656 57
5708 0
5157 48
5364 66
5394 20
5127 46
5151 11
5179 56
5211 26
5774 99
5804 116
5839 16
5979 122
5994 10
6030 79
5771 24
5822 87
5932 14
5985 210
6030 113
5804 167
5830 166
5925 142
5949 31
6046 23
5823 202
5827 86
5832 8
5935 80
5959 3
5809 22
5897 52
6027 64
5761 15
5809 44
5880 40
5921 138
5977 96
5891 108
5892 57
5969 4
5437 163
5598 41
5718 38
5758 33
5804 2
5822 61
5850 8
5905 28
6026 13
5892 49
6017 5
5409 0
5459 48
5495 12
5586 125
5617 60
5729 41
5419 96
5540 88
5691 166
5758 1
5772 12
5821 44
5912 53
5946 84
6046 90
5433 118
5506 36
5557 56
5650 44
5719 5
5779 6
5436 90
5470 32
5520 8
5581 58
5656 10
5725 93
5733 46
5151 115
5397 121
5975 94
5977 94
5990 12
5824 314
5906 169
5938 4
5490 4
5561 42
5684 4
5824 304
5831 60
5925 135
5929 112
5805 4
5956 9
6031 176
5839 36
5880 24
5916 24
5966 56
5647 8
5709 101
5720 28
5819 128
5847 0
5949 10
5432 16
5437 67
5462 112
5512 92
5513 36
5588 100
5804 177
5918 36
5923 43
5772 0
5808 61
5921 20
5947 115
5990 15
5440 28
5519 93
5705 165
5706 12
5459 195
5531 48
5564 132
5650 26
5758 14
5810 64
5904 46
5942 23
6031 76
5233 17
5384 112
5412 108
5509 16
5527 60
5607 94
5722 10
5733 16
5755 20
5412 76
5440 48
5499 186
5586 28
5655 0
5709 61
5127 30
5328 72
5332 138
5777 10
5823 83
5948 46
5977 117
5819 109
5895 8
6030 0
5765 67
5830 120
5832 32
5906 182
5909 7
6046 150
5929 48
6000 32
5824 219
5933 121
6031 10
5418 26
5499 14
5533 24
5564 73
5606 87
5694 0
5411 168
5498 4
5508 46
5532 113
5588 123
5647 32
5655 8
5767 185
5831 81
5851 26
5979 14
6027 88
5808 44
5878 0
6027 42
6030 10
5819 148
5825 10
5899 24
5933 16
5940 28
5905 59
5909 17
5960 55
5975 58
5994 31
5155 26
5181 13
5338 12
5371 19
5819 105
5904 24
5994 20
5411 192
5497 104
5650 40
5691 21
5695 4
5729 119
5164 46
5275 1
5361 150
5412 32
5499 58
5515 162
5519 142
5597 64
5606 69
5938 20
5961 32
5946 23
5983 4
5418 161
5500 4
5522 24
5588 17
5606 10
5709 97
5909 41
6025 104
6043 136
5819 268
5942 19
6027 94
5821 48
5914 0
5933 20
6031 97
5451 22
5485 4
5519 79
5614 19
5515 102
5598 77
5733 81
5891 180
5956 16
5804 98
5864 0
5879 12
5935 0
5983 14
5418 57
5499 90
5504 16
5609 14
5709 49
5762 92
5832 164
5946 29
5953 16
5925 32
5986 26
5996 3
5808 101
5819 257
5910 34
5925 113
6031 33
5827 114
5925 36
5933 132
5948 25
5966 179
5437 20
5525 0
5557 36
5767 72
5127 24
5187 70
5394 48
5191 102
5366 14
5370 60
5474 24
5515 152
5557 60
5691 48
5822 13
5823 174
5831 79
5879 17
5910 38
5947 82
5961 10
5996 68
5233 1
5385 96
5411 112
5459 16
5511 34
5558 68
5586 12
5697 17
5758 55
5772 16
5933 36
5988 20
5151 118
5169 165
5233 40
5239 11
5783 103
5825 18
5831 85
5921 150
5941 16
5824 0
5918 4
5930 83
5985 149
5804 126
5824 36
5909 21
5983 42
6031 30
5445 24
5558 36
5586 64
5729 17
5408 30
5411 124
5509 60
5519 18
5521 45
5586 16
5609 4
5412 8
5485 40
5540 4
5726 6
5731 11
5776 8
5450 30
5512 56
5519 126
5531 20
5712 48
5822 70
5827 126
5983 37
5806 14
5940 24
5982 20
6001 34
5827 122
5910 8
5933 127
5154 9
5361 140
5384 40
5169 25
5340 53
5361 200
5741 26
5808 67
5830 42
5916 12
5930 42
5819 206
5896 24
5961 105
6027 72
5975 86
5985 194
5996 23
5829 26
5830 50
5937 15
5938 64
5823 210
5930 38
5935 12
5845 44
6030 102
5778 4
5830 136
5879 8
5938 54
5996 72
5808 12
5892 8
5924 24
5155 128
5397 43
5459 205
5512 222
5614 4
5718 17
5758 43
5767 59
5527 104
5528 60
5539 28
5606 4
5709 80
5411 20
5418 116
5430 28
5498 30
5564 65
5586 137
5650 38
5823 141
5947 142
5977 173
5810 52
5897 8
5905 20
5960 49
5985 157
5783 61
5832 4
5910 4
5983 80
5895 24
5910 58
5187 132
5272 21
5826 40
5921 4
5930 64
5986 19
5169 94
5189 10
5275 31
5185 55
5187 13
5366 26
5436 68
5519 164
5557 116
5776 34
5960 30
5977 51
5782 6
5831 118
5899 20
5947 139
5979 22
6017 8
5409 22
5436 0
5521 8
5532 61
5774 71
5748 12
5822 45
5906 171
5966 177
5985 23
5824 8
5891 61
5960 57
6046 118
5397 47
5497 36
5507 12
5515 62
5558 12
5452 24
5495 20
5515 64
5650 0
5656 37
5125 8
5214 32
5332 184
5353 20
5776 52
5935 26
5985 145
6046 96
5762 207
5823 161
5940 17
5966 116
6046 35
5397 59
5428 16
5511 22
5564 167
5729 65
5824 86
5831 27
5918 46
5946 61
5444 24
5593 0
5691 131
5710 44
5767 108
5459 179
5474 36
5531 12
5532 109
5539 33
5418 153
5437 95
5513 32
5532 17
5607 80
5706 24
5459 108
5509 30
5527 50
5532 65
5710 29
5830 203
5909 5
5914 43
5938 0
6031 197
5501 4
5598 20
5755 28
5497 64
5508 18
5522 10
5528 22
5583 23
5607 66
5703 23
5762 48
5937 41
5975 68
5127 113
5233 123
5273 0
5906 83
6026 21
6031 151
5191 55
5266 38
5179 16
5332 106
5433 10
5489 68
5539 32
5767 118
5782 29
5819 48
5925 133
5938 83
5985 73
6036 12
5412 180
5500 10
5527 96
5643 14
5654 59
5774 87
5419 20
5501 12
5515 0
5709 0
5169 59
5329 0
5393 32
5124 20
5237 35
5262 114
5376 48
5916 8
6031 188
5762 144
5823 266
5831 17
5914 55
5988 31
5433 82
5515 204
5705 123
5783 11
5879 84
5910 77
6001 0
6031 93
6000 4
6031 163
5824 183
5930 13
5968 18
5411 32
5487 8
5499 18
5712 128
5718 4
5909 0
6027 83
6031 214
5804 139
5850 52
5929 121
5977 141
5998 3
5929 14
5977 132
5499 78
5730 49
5741 30
5403 36
5512 0
5561 122
5607 52
5693 9
5705 40
5774 42
5154 17
5332 70
5361 24
5804 30
5849 52
5983 0
5850 70
5929 22
5824 4
5849 80
5982 14
5823 207
5830 244
5918 32
5977 124
5827 0
5830 162
5929 77
5436 76
5508 62
5516 42
5608 6
5709 23
5713 14
5782 101
5822 11
5826 50
5830 254
5896 8
6046 73
5154 166
5333 64
5384 116
5179 156
5203 88
5361 8
5783 96
5912 0
5918 50
5783 57
5830 24
5897 40
5966 166
5824 332
5860 16
5986 10
5401 28
5444 36
5480 12
5536 76
5656 33
5703 51
5741 28
5823 45
5899 36
5966 124
6027 122
5262 148
5370 124
5536 40
5540 20
5733 41
5782 58
5499 62
5539 0
5705 142
5765 35
5824 214
5947 28
5996 44
5762 11
5819 37
5832 174
5892 20
5979 13
5886 0
5965 33
5983 55
5805 19
5830 64
5904 9
5966 192
5783 17
5825 22
5921 8
5947 64
5762 165
5810 0
5953 4
6026 35
5805 48
5819 152
5925 45
6036 0
5418 82
5586 1
5705 68
5819 180
5823 138
5877 16
5929 18
5804 128
5923 47
5961 20
5979 50
5849 84
5918 8
5933 197
5821 18
5933 90
6027 5
5411 173
5532 41
5729 118
5731 6
5762 196
5810 36
5849 40
5971 86
5831 122
5971 90
5982 46
5977 8
6031 155
5819 256
5935 48
5450 20
5531 96
5725 47
5774 54
5925 50
5985 6
5409 15
5436 44
5519 36
5566 28
5694 52
5758 67
5419 52
5452 56
5512 181
5588 13
5708 3
5709 4
5761 10
5430 8
5528 0
5601 13
5691 79
5703 15
5783 89
5823 127
5825 14
5832 96
5879 48
5910 30
5824 300
5850 28
6026 64
5819 118
5831 109
5976 13
5499 126
5518 9
5561 66
5650 64
5694 29
5758 81
5824 83
5831 9
5935 42
5959 25
5147 20
5160 0
5203 27
5235 77
5326 132
5849 0
5946 0
5961 80
5906 65
5979 91
5433 146
5519 152
5656 43
5705 101
5720 44
5819 176
5947 49
6030 92
5513 44
5517 4
5588 45
5879 52
5906 206
5956 18
5994 36
6017 1
5824 238
5891 8
5996 6
5783 131
5819 56
5849 4
5971 42
5154 70
5332 16
5368 32
5777 17
5823 144
5895 12
5942 13
5214 71
5270 6
5368 72
5765 21
5823 40
5850 20
5985 112
5762 34
5921 148
5933 42
6026 31
5459 210
5499 200
5558 28
5741 34
5809 50
5850 60
5851 14
5977 20
5979 100
5432 0
5497 92
5607 72
5705 107
5782 150
5824 209
5864 4
5966 23
5849 72
5985 94
5804 50
5827 24
5850 125
6031 32
5809 19
5933 81
5949 46
5985 79
5237 0
5390 54
5187 100
5361 216
5127 56
5184 6
5382 200
5385 156
5393 58
5436 83
5497 12
5521 4
5564 53
5588 164
5463 4
5487 48
5588 28
5655 14
5694 32
5725 97
5824 308
5982 26
6030 88
5155 85
5208 128
5433 90
5526 14
5566 30
5607 76
5617 1
5767 33
5819 79
5823 12
5912 97
5961 88
5783 21
5822 66
5892 44
5924 34
5925 23
5157 95
5170 18
5189 2
5397 71
5860 4
5933 63
5979 0
5482 24
5504 4
5588 151
5656 51
5703 70
5906 79
5996 17
6027 119
5459 183
5509 36
5540 60
5566 41
5726 50
5819 225
5966 1
5986 0
6030 112
5497 80
5730 36
5731 1
5823 103
6030 57
5783 73
5906 94
5957 21
5971 105
5823 186
5850 44
5966 91
5164 27
5179 8
5332 118
5401 12
5499 208
5653 71
5782 41
5824 229
5960 42
5966 53
5914 8
5935 47
5411 80
5451 6
5526 4
5589 88
5705 191
5783 112
5965 25
5983 76
5411 24
5497 144
5564 193
5567 12
5588 120
5729 12
5826 12
5947 13
5985 111
5411 0
5459 178
5513 60
5557 8
5586 78
5709 53
5719 15
5762 103
5808 132
5916 16
5933 133
5134 9
5151 21
5353 0
5808 97
6000 20
6031 91
5433 154
5515 200
5709 133
5710 60
5720 15
5741 54
5748 2
5895 40
6017 17
6043 101
5783 49
5824 346
5929 43
6030 40
5762 50
5824 155
5832 44
5946 32
5912 57
5914 104
5536 16
5718 26
5725 15
5891 84
5983 8
5804 86
5925 56
5949 24
5445 16
5487 28
5512 64
5533 20
5597 26
5606 95
5403 8
5425 48
5557 100
5598 85
5709 76
5730 57
5433 94
5499 138
5519 146
5691 111
5437 75
5528 56
5558 20
5588 116
5776 16
5424 10
5525 36
5564 49
5583 1
5418 20
5598 64
5617 4
5412 28
5424 14
5499 196
5729 109
5733 34
5776 56
5364 115
5384 80
5427 16
5428 20
5463 12
5607 84
5730 21
5154 197
5208 88
5211 72
5332 190
5151 17
5273 30
5364 56
5208 48
5370 52
5536 80
5565 0
5656 20
5719 19
5726 46
5756 9
5959 20
5982 42
5419 24
5515 110
5650 18
5733 66
5782 132
5971 106
5982 0
5391 12
5525 64
5606 22
5719 31
5779 28
5436 64
5459 44
5512 91
5589 44
5617 28
5804 12
5823 20
5832 107
5891 69
5942 2
5830 84
5850 82
5933 146
6030 52
5783 106
5810 99
5985 47
5155 35
5339 68
5361 192
5445 4
5508 94
5516 90
5536 8
5782 33
5130 85
5157 107
5333 96
5370 76
5385 104
5960 34
5976 3
5411 116
5470 48
5527 64
5531 52
5810 106
5819 186
5849 12
5961 96
5169 39
5362 24
5912 105
5921 64
5430 0
5489 28
5515 91
5561 98
5733 17
5808 25
5947 166
6030 6
5445 8
5495 4
5508 110
5713 0
5733 28
5418 78
5564 151
5565 41
5606 0
5708 19
5710 0
5127 25
5179 84
5262 35
5367 40
5375 36
5953 11
5965 47
5482 8
5526 20
5758 106
5822 56
5830 178
5983 20
5921 16
5925 165
5947 110
5436 72
5516 102
5533 4
5606 77
5767 202
5779 21
5825 30
5983 32
5769 39
5886 4
5925 204
5961 89
5762 10
5878 4
5947 74
6031 205
5910 100
5960 58
5987 0
5830 104
5899 12
5988 10
5831 43
5956 14
6046 122
5891 104
5990 52
5204 112
5273 48
5151 192
5169 184
5332 87
5418 39
5487 4
5497 136
5506 10
5567 0
5412 128
5445 48
5485 8
5513 68
5586 187
5697 0
5705 44
5155 104
5332 81
5394 60
5397 93
5437 79
5527 14
5581 54
5586 90
5705 177
5726 64
5498 14
5525 44
5588 147
5824 288
5839 12
5849 88
5977 18
5239 13
5361 98
5412 148
5478 2
5513 22
5588 60
5656 0
5767 26
5896 4
5966 43
5136 0
5805 0
5849 44
5985 82
5804 94
5810 94
5827 20
5832 157
5965 21
6043 113
5517 18
5597 22
5647 24
5725 91
5470 71
5509 52
5581 76
5437 63
5511 42
5519 112
5710 48
5779 4
5187 81
5326 4
5826 28
5909 60
5968 4
5910 68
5996 29
5921 78
6027 121
5824 24
6001 9
6025 85
5762 35
5824 336
5851 18
5904 17
5445 50
5598 89
5709 57
5729 101
5804 75
5830 16
5960 5
5437 40
5501 56
5512 80
5521 52
5729 93
5826 36
5957 2
6030 4
5826 45
5830 31
5832 36
5896 36
5988 0
5164 77
5191 0
5367 26
5905 39
5937 33
5948 57
5758 93
5977 86
5979 34
6046 142
5191 35
5332 176
5399 43
5758 61
5906 36
5968 8
5985 179
5437 151
5474 52
5504 0
5654 30
5767 122
5783 116
5822 4
5896 44
5947 128
6046 7
5125 24
5278 4
5332 74
5360 0
5459 12
5470 80
5541 84
5774 109
5805 30
5879 72
5932 36
5824 75
5891 152
5925 177
5975 83
5808 58
5851 42
5870 0
5930 72
5179 64
5215 8
5437 155
5705 105
5726 56
5765 50
5804 37
5820 8
5832 88
5877 32
5941 12
5385 24
5390 48
5171 4
5179 160
5361 60
5935 50
6036 18
5769 20
5823 101
5933 40
5977 38
5771 2
5826 18
5921 0
5983 45
5762 51
5827 58
5849 8
5881 12
5929 69
5409 8
5459 68
5593 20
5693 21
5767 112
5187 67
5237 26
5393 4
5459 112
5532 97
5589 52
5609 40
5647 16
5824 73
5830 183
5905 0
5756 10
5823 4
5845 64
6031 52
5783 37
5823 24
5921 112
5933 30
5948 4
5994 29
6043 150
5525 12
5654 8
5779 42
5819 53
5977 22
5996 12
5401 40
5512 111
5516 46
5527 36
5557 156
5566 36
5713 27
5499 42
5508 130
5724 6
5741 22
5497 128
5564 119
5583 31
5588 143
5726 18
5474 40
5512 201
5513 48
5586 72
5777 14
5966 138
6001 23
5831 14
5891 112
5909 29
5971 54
5762 40
5826 8
5899 28
5977 61
5490 12
5512 169
5557 76
5581 64
5691 139
5718 31
5923 32
6030 14
5464 4
5515 22
5540 68
5597 58
5758 102
5824 175
5847 8
5892 48
5933 185
5996 32
5154 35
5176 2
5208 36
5368 16
5470 64
5532 105
5564 57
5694 55
5765 9
5774 95
5419 64
5519 160
5528 70
5694 11
5767 138
5891 33
5914 96
5933 158
5783 77
5810 5
5914 6
5983 64
5181 25
5374 40
5474 28
5507 20
5512 15
5705 169
5138 8
5147 2
5197 16
5328 4
5925 127
6001 19
5823 91
5849 32
5879 90
5971 48
5762 2
5824 343
5925 89
5938 26
5979 71
5392 8
5474 0
5495 44
5527 0
5614 32
5409 11
5480 36
5541 64
5607 55
5654 26
5691 0
5719 67
5767 84
5762 175
5878 12
5975 23
6030 18
5462 16
5480 16
5506 8
5564 17
5741 42
5891 57
5933 58
5994 32
5515 26
5691 98
5153 24
5154 4
5333 48
5371 57
5804 189
5822 29
5847 4
5948 45
5971 93
5982 54
5771 54
5805 54
5831 31
6030 30
5824 115
5830 248
5906 128
5923 22
5824 55
5891 100
5994 34
5444 12
5709 27
5710 4
5397 125
5452 52
5495 16
5528 64
5569 0
5729 115
5819 248
5891 132
5996 38
5804 25
5821 30
5925 107
5946 49
5433 54
5607 24
5705 86
5710 13
5729 125
5767 104
5462 62
5478 31
5526 10
5564 87
5725 6
5925 151
5977 160
6030 20
5933 60
5829 40
5925 132
5929 33
5985 161
6031 127
5977 128
6026 76
6030 16
5424 4
5480 28
5586 129
5650 56
5720 14
5489 8
5512 185
5588 20
5653 31
5684 0
5762 212
5824 296
5906 32
5914 109
5925 29
5929 4
5937 29
5805 38
5832 28
5892 32
5966 96
5827 12
5845 36
5925 20
6036 27
5154 16
5353 16
5384 68
5758 21
5808 4
5832 193
5906 52
5979 110
5499 86
5512 189
5532 117
5712 132
5767 130
5412 156
5418 157
5516 58
5691 176
5712 111
5822 0
5925 115
6031 196
5827 74
5923 26
5437 115
5487 12
5528 36
5606 59
5709 123
5731 0
5179 108
5192 0
5361 16
5382 45
5339 38
5371 4
5153 95
5364 36
5399 32
5822 50
5905 16
5925 81
5947 3
5134 18
5177 11
5185 1
5275 23
5776 46
5819 190
5895 4
5929 36
5808 60
5925 64
6026 55
5783 93
5819 24
5905 24
5906 144
5914 2
5839 32
5990 43
5805 10
5820 24
5948 50
5971 18
5994 45
5765 31
5824 276
5897 20
5994 25
5810 80
5845 24
5925 192
5832 0
5961 36
5824 32
5849 20
5947 121
5914 92
5923 8
6025 61
5826 0
5851 34
5880 20
5948 54
5157 30
5229 0
5278 96
5771 28
5830 108
5909 71
5961 46
5462 106
5532 53
5691 29
5709 128
5819 14
5827 56
5906 60
6031 174
5808 72
5831 114
5832 40
5914 100
5961 28
5425 8
5583 5
5695 0
5725 1
5401 36
5432 8
5464 24
5519 8
5564 107
5654 12
5489 24
5512 119
5532 0
5774 20
5391 36
5501 48
5541 4
5557 140
5565 30
5566 12
5914 116
5921 88
6026 59
5344 14
5382 117
5393 50
5445 28
5643 56
5647 40
5824 79
5990 44
6031 8
5762 202
5830 34
5845 16
5947 151
5965 48
5975 10
5191 84
5280 130
5154 19
5208 96
5393 64
5130 54
5233 129
5275 61
5433 74
5516 86
5606 8
5729 61
5823 218
5839 28
5860 20
5932 24
5937 54
5412 172
5459 20
5519 12
5564 21
5656 70
5755 24
5819 165
5925 143
5979 124
5985 43
5823 214
5830 4
5909 75
5985 0
6043 152
5776 38
5822 17
5827 82
5975 14
5769 48
5823 75
5912 28
6030 100
5772 8
5912 37
5929 0
5977 0
5445 40
5531 32
5557 96
5824 256
5832 66
5985 65
5762 189
5870 36
5910 20
5948 0
5977 57
5808 13
5850 36
6046 11
5419 84
5557 104
5709 65
5437 107
5531 5
5581 50
5650 8
5653 95
5712 144
5459 100
5525 28
5558 52
5656 61
5705 103
5151 64
5344 18
5436 48
5531 72
5557 4
5617 44
5719 63
5830 158
5897 44
5914 12
5977 29
5819 287
5826 62
5925 196
5961 3
6027 6
5762 104
5921 106
5933 4
5769 16
5985 132
6031 34
5154 0
5203 16
5229 1
5741 29
5860 24
5906 48
5977 23
6046 0
5808 33
5849 64
5912 36
6046 132
5896 32
5905 68
5971 45
5805 52
5925 21
5947 94
6027 0
5832 65
5877 20
5988 28
5824 272
5910 22
5975 21
5906 202
5933 107
5891 148
5929 24
5977 84
5823 16
5850 101
5963 16
5982 5
5983 68
6027 46
5879 68
5921 127
5933 53
5938 10
5977 79
5128 0
5185 42
5332 152
5364 25
5425 36
5432 20
5506 48
5508 22
5564 185
5653 28
5722 18
5804 90
5831 54
5891 156
5937 57
5947 62
5998 7
5412 20
5512 131
5540 36
5558 16
5693 5
5824 128
5832 133
5905 4
5935 71
6030 48
5819 198
5921 12
5949 20
5151 95
5161 7
5391 0
5769 25
5806 15
5808 103
5823 114
5870 20
5904 42
5151 78
5278 50
5748 0
5822 74
5925 154
5929 105
5824 74
5906 157
5975 8
6043 158
5777 8
5851 50
5879 40
5891 24
5930 46
5758 60
5891 176
5947 68
5771 32
5824 248
5829 30
5914 122
5986 35
5493 4
5499 154
5564 147
5725 27
5432 4
5459 223
5507 0
5724 19
5164 58
5281 10
5326 12
5459 144
5705 198
5708 15
5712 136
5758 114
5765 25
5957 1
5990 16
6025 62
5418 136
5512 8
5643 24
5730 0
5758 0
5762 124
5832 52
5960 14
5983 28
5850 56
5925 98
5990 58
5409 10
5452 8
5498 0
5523 7
5769 32
5819 63
5832 122
6026 30
6031 216
5436 24
5541 108
5586 46
5589 64
5808 0
5906 4
5979 140
5756 14
5827 78
5831 37
5878 16
5899 0
6036 15
5450 0
5499 38
5506 50
5511 10
5518 28
5520 4
5809 14
5830 199
5905 35
5918 12
5772 20
5925 13
5946 43
5983 57
5783 13
5821 8
5827 52
5910 42
5157 82
5266 18
5328 0
5203 31
5216 33
5459 187
5489 4
5519 48
5593 56
5808 128
5824 237
5947 158
5948 37
5412 112
5501 52
5512 14
5521 76
5528 74
5656 41
5724 11
5886 16
5966 159
5990 0
5418 70
5540 32
5588 188
5684 7
5767 150
5921 130
5933 205
5966 168
5819 4
5832 137
5947 57
5273 5
5331 22
5262 157
5272 4
5125 0
5361 64
5367 34
5819 270
5959 7
6001 36
5762 216
5921 46
5985 89
5897 48
5937 37
5805 16
5850 40
6043 108
5412 48
5478 11
5493 8
5561 38
5233 24
5263 29
5425 12
5436 32
5463 16
5598 30
5782 64
5935 4
5982 50
5452 48
5540 12
5609 16
5656 30
5695 1
5765 39
5783 99
5831 80
5925 94
5933 59
5979 151
5403 32
5515 122
5518 1
5598 12
5654 46
5758 24
5824 111
5912 77
5987 11
5765 47
5895 32
5977 71
5805 26
5826 16
5831 5
5935 46
5941 36
5994 14
6027 87
5765 5
5808 66
5949 0
6030 36
5762 96
5909 67
5996 13
5154 26
5204 63
5211 92
5233 9
5470 76
5506 14
5517 10
5536 28
5891 128
5914 28
6024 10
5771 12
5870 12
5946 80
5985 183
5433 166
5499 182
5519 84
5608 10
5726 4
5774 75
5418 144
5462 36
5504 30
5561 134
5588 56
5436 94
5459 60
5487 52
5515 52
5519 173
5741 13
5411 68
5499 158
5511 26
5532 37
5588 180
5819 283
5849 76
5912 85
6000 29
5436 16
5462 48
5515 222
5523 14
5586 113
5653 84
5782 103
5411 52
5440 32
5508 78
5608 2
5691 49
5712 5
5411 140
5412 144
5480 4
5508 0
5561 0
5588 4
5650 62
5804 156
5823 28
5845 56
5969 10
5427 4
5509 12
5726 32
5808 28
5824 113
5829 4
5914 63
5940 15
5977 31
5147 31
5169 66
5364 166
5154 31
5328 16
5333 52
5127 16
5155 112
5187 91
5370 20
5428 0
5523 10
5525 40
5593 44
5598 16
5767 198
5819 278
5830 92
5845 60
5948 26
5988 18
5445 44
5515 74
5536 60
5656 8
5730 8
5136 9
5271 11
5338 4
5824 338
5906 28
5918 30
6046 32
5208 8
5235 48
5810 88
5906 8
6030 115
5769 4
5921 74
5966 31
5777 0
5825 8
5906 20
5942 25
5976 10
5418 101
5497 160
5508 134
5540 56
5564 0
5774 50
5824 70
5891 189
5938 19
5965 0
5771 8
5933 192
5971 8
5433 30
5519 20
5601 0
5684 9
5729 82
5769 0
5823 153
5830 29
5880 16
5953 8
5976 11
6017 2
5783 120
5824 85
5925 191
5947 170
5403 12
5462 102
5515 220
5588 200
5703 44
5412 160
5487 68
5609 6
5722 1
5729 113
5160 5
5331 152
5157 61
5179 24
5332 156
5418 4
5440 4
5489 64
5515 48
5598 32
5433 98
5536 37
5539 8
5709 93
5385 144
5451 26
5515 66
5713 8
5433 0
5508 82
5512 4
5515 68
5762 16
5810 73
5909 4
5969 26
5975 43
5412 84
5459 218
5464 30
5557 120
5586 42
5607 14
5720 25
5136 25
5191 74
5367 11
5169 192
5385 4
5134 4
5262 0
5364 86
5384 168
5428 12
5516 105
5564 209
5731 12
5499 106
5515 32
5565 1
5705 189
5712 53
5419 92
5442 8
5487 44
5513 100
5516 36
5733 8
5397 67
5487 40
5519 128
5541 24
5598 97
5733 99
5127 20
5192 11
5281 14
5343 10
5171 55
5273 80
5762 47
5849 68
5986 30
6031 184
5762 214
5783 65
5824 187
5830 220
5850 128
5959 34
5966 182
5975 54
5996 0
6031 139
5830 150
5935 18
5809 26
5830 112
5850 78
5933 49
5127 119
5215 47
5263 17
5266 1
5830 80
5916 4
5938 35
6031 18
5157 86
5197 0
5262 110
5384 160
5830 239
5977 200
5985 128
6027 79
5497 140
5515 174
5540 64
5705 154
5436 28
5527 76
5598 28
5650 48
5776 30
5822 83
5823 234
5946 70
6026 17
6031 61
5819 83
5827 44
5948 5
5996 33
6043 51
5810 16
5830 132
5947 89
5968 14
5910 96
5940 31
5947 19
5961 74
5777 4
5821 52
5832 126
5942 0
5935 73
5983 72
5411 48
5487 64
5512 75
5586 133
5782 119
5411 128
5497 152
5588 184
5606 83
5719 71
5767 88
5823 198
5830 20
5906 137
5966 132
5990 49
5777 33
5830 209
5832 175
5982 30
5151 6
5216 8
5278 5
5419 130
5511 38
5564 155
5643 32
5691 17
5774 4
5762 138
5808 93
5850 153
5975 78
5896 12
5925 30
5965 14
5824 94
5979 5
5904 0
5948 15
5914 128
5929 115
5899 8
5979 75
5985 173
5765 17
5822 33
5832 84
5925 77
5985 4
5489 72
5525 20
5567 16
5691 9
5712 98
5125 12
5203 4
5361 162
5375 12
5924 30
5971 55
5824 284
5924 4
5930 21
5957 20
5877 40
5906 64
6043 177
5929 44
5940 39
5411 108
5433 14
5527 84
5536 20
5733 106
5930 26
5985 32
5808 88
5904 8
6025 91
6027 24
6046 138
5897 4
5994 43
5966 160
5983 10
5154 203
5208 24
5280 124
5769 61
5824 191
5832 60
5921 60
5966 94
5804 14
5823 1
5971 132
5975 64
6000 13
5508 114
5561 22
5564 80
5566 16
5581 4
5918 16
5929 40
5437 0
5498 18
5509 20
5539 20
5691 5
5497 112
5528 52
5561 110
5712 80
5830 265
5942 7
5966 205
5996 28
5762 61
5827 40
5851 30
5977 145
5774 16
5881 0
5938 84
5966 136
5411 76
5499 150
5504 20
5531 40
5564 45
5583 0
5712 74
5725 23
5459 150
5478 55
5733 111
5765 59
5821 14
5822 95
5933 142
5935 94
5979 150
6025 89
5804 185
5845 28
5935 8
5921 24
5975 0
5976 5
5824 204
5891 88
5977 171
5487 20
5720 32
5724 1
5385 32
5462 50
5586 4
5694 17
5712 6
5895 20
5930 35
5932 4
5947 96
5151 47
5216 77
5124 16
5208 120
5430 30
5485 0
5512 40
5650 12
5712 18
5782 57
5947 101
5957 16
5971 4
5781 10
5825 4
5892 4
5947 11
5904 20
5977 67
5418 124
5536 64
5558 90
5581 68
5741 1
5499 102
5511 58
5581 9
5654 16
5824 144
5929 74
5968 10
5831 106
5906 87
5933 105
5910 73
5966 68
6026 5
5912 41
5933 125
5935 64
5961 8
5971 122
5823 105
5832 73
5906 56
5929 12
5462 58
5474 32
5518 32
5564 96
5766 0
5821 4
5832 187
5996 22
6046 69
5147 53
5371 25
5382 141
5819 138
5870 8
6025 57
6046 55
5831 128
5910 16
5912 20
5408 4
5462 90
5581 72
5586 164
5703 26
5774 36
6025 53
6031 22
5963 0
5977 196
5459 214
5516 82
5712 44
5718 19
5776 12
5154 54
5189 3
5270 10
5385 80
5418 61
5462 86
5463 20
5586 82
5656 63
5691 57
5733 4
5489 44
5540 44
5566 24
5709 41
5710 52
5810 20
5830 144
5850 113
5921 42
5819 124
5892 0
5971 135
5979 125
5157 116
5179 4
5203 23
5368 96
5124 28
5128 12
5187 114
5275 11
5277 17
5411 28
5490 16
5564 97
5706 28
5726 34
5824 243
5850 0
5933 148
5823 8
5824 103
5921 84
6036 7
5891 136
5949 26
5986 25
5762 23
5831 123
5930 25
5966 9
5821 56
5971 28
6031 210
5892 53
5925 128
5401 4
5482 28
5489 60
5588 155
5647 28
5710 9
5808 107
5933 138
5946 4
5947 156
5979 79
6031 159
5819 71
5832 213
5933 155
5819 45
5914 1
5979 108
5983 88
6017 0
5810 40
5895 44
5977 154
5979 86
5960 24
5966 120
5809 10
5891 116
6026 3
6027 2
5146 16
5361 104
5384 76
5774 40
5830 284
5850 132
5988 23
5403 16
5508 58
5540 40
5607 30
5824 320
5827 106
5946 15
5979 59
5463 0
5607 2
5656 47
5762 6
5914 3
5979 132
5808 140
5819 0
5839 20
5916 28
5923 4
5860 13
6001 5
5769 12
5850 74
5925 73
5930 92
5975 42
6031 111
5164 35
5208 80
5361 50
5127 146
5170 6
5370 96
5397 20
5440 0
5499 70
5540 16
5691 72
5782 144
5929 8
5979 30
5985 5
5762 156
5808 136
5914 59
5930 53
5474 80
5485 32
5561 34
5564 213
5725 84
5411 12
5437 187
5489 20
5499 3
5516 0
5527 56
5653 14
5824 16
5827 98
5905 72
5975 72
5823 63
5929 107
6036 24
5412 124
5418 132
5531 92
5720 36
5767 80
5826 24
5849 28
5905 10
5977 1
5522 20
5536 52
5725 30
5824 318
5826 3
6001 20
6025 95
6031 145
5127 115
5179 204
5344 52
5822 41
5914 112
6000 22
5821 62
5949 40
5127 124
5194 5
5208 76
5370 148
5147 34
5177 44
5184 46
5211 88
5382 212
5482 12
5709 13
5719 27
5767 21
5411 60
5474 8
5506 0
5541 32
5565 22
5823 166
5832 172
5938 74
5517 14
5653 27
5779 10
5762 17
5892 24
5977 119
5401 16
5511 50
5515 134
5765 54
5767 38
5444 0
5508 70
5515 166
5589 28
5731 14
5766 4
5824 133
5879 64
5912 90
5940 4
5982 11
5487 80
5522 14
5758 8
5136 41
5237 17
5367 22
5125 4
5195 64
5233 0
5331 124
5344 70
5437 103
5464 12
5511 54
5588 131
5758 34
5819 154
5845 12
5933 179
5969 42
5769 21
5948 41
6031 42
5809 32
5910 50
5933 183
5819 202
5914 136
5956 12
5985 171
5990 1
5733 86
5808 32
5937 17
5971 0
6043 104
5412 12
5440 12
5525 58
5565 18
5606 91
5614 0
5778 0
5830 100
5909 25
5941 0
5985 107
5765 81
5896 28
5904 50
5933 97
5990 30
5408 16
5541 116
5593 32
5598 24
5722 22
5966 37
6025 64
6026 11
6030 26
5154 179
5229 53
5237 12
5408 8
5474 12
5516 40
5653 15
5695 18
5771 38
5823 134
5905 47
5946 14
5906 122
5948 30
5977 136
5482 4
5606 50
5607 50
5157 103
5376 4
5385 92
5832 132
5925 163
6027 16
6030 96
5364 204
5498 8
5518 24
5557 124
5564 128
5730 53
5512 161
5522 18
5536 24
5541 76
5567 24
5609 8
5718 0
5397 97
5450 8
5607 0
5653 67
5705 78
5824 192
5966 145
6046 26
5914 88
5925 25
5966 33
5808 82
5830 72
5850 48
5909 63
6027 54
5195 60
5235 35
5804 54
5829 38
5912 65
5914 139
5419 80
5487 60
5515 142
5726 72
5819 89
5925 63
5946 90
5961 106
5849 24
5977 120
5946 16
5959 8
5497 32
5516 64
5705 0
5710 39
5822 78
5830 174
5910 63
5912 61
5891 160
5933 194
5996 59
5428 8
5444 20
5507 8
5782 111
5906 102
5910 46
5921 62
5436 118
5450 16
5493 0
5712 66
5725 79
5147 22
5203 62
5273 127
5339 64
5933 160
5960 46
5830 261
5832 58
5909 37
5942 5
5977 6
5168 0
5197 20
5340 10
5771 4
5851 1
5921 28
5977 82
5474 16
5513 40
5654 22
5725 42
5437 32
5450 28
5512 12
5581 26
5767 146
5779 0
5128 4
5354 4
5806 13
5819 288
5892 16
5983 49
5916 0
5933 128
5914 126
5935 34
5153 67
5177 25
5275 19
5427 8
5525 48
5532 73
5703 57
5709 9
5767 36
5377 64
5501 20
5695 8
5719 47
5731 16
5762 204
5819 8
5850 16
5906 12
5983 101
5401 24
5419 88
5515 170
5519 109
5691 73
5729 57
5758 84
5767 157
5896 52
5985 175
5130 18
5179 201
5275 50
5376 24
5433 150
5557 44
5691 133
5440 44
5523 3
5588 84
5755 6
5160 9
5331 116
5382 173
5436 40
5521 80
5558 72
5706 32
5720 12
5767 40
5474 84
5614 6
5691 68
5741 46
5782 140
5418 41
5506 32
5507 4
5598 71
5712 89
5808 115
5831 126
5891 80
5979 64
5966 27
5985 202
5825 26
5831 8
5892 28
5985 154
5925 159
5985 69
6017 4
5985 27
6030 21
5412 64
5565 45
5767 142
5847 16
5969 24
5979 94
5810 113
5935 61
5975 24
5433 86
5561 86
5581 10
5653 10
5215 16
5947 144
5985 141
5996 64
5154 23
5326 16
5155 14
5375 32
5804 8
5850 97
5879 0
5966 202
5451 10
5495 8
5501 44
5691 106
5516 12
5519 97
5733 12
5824 328
5839 44
5925 103
5897 36
5966 208
5830 47
5935 38
5385 160
5411 191
5653 46
5729 22
5783 81
5985 100
5986 8
6031 136
5762 90
5966 60
5977 16
5819 113
5827 36
5847 20
5925 200
5985 31
5412 140
5440 16
5516 74
5521 20
5418 165
5474 4
5495 36
5528 48
5588 92
5726 40
5164 68
5233 5
5263 59
5329 17
5824 225
5827 102
5921 98
5390 7
5497 100
5501 0
5527 88
5726 25
5478 51
5654 0
5691 125
5719 3
5153 48
5370 140
5375 8
5474 64
5713 17
5729 15
5418 169
5433 46
5487 88
5511 30
5527 100
5376 40
5459 128
5539 12
5607 62
5691 75
5719 83
5726 26
5364 122
5384 192
5436 36
5541 60
5586 179
5593 28
5654 32
5782 124
5914 76
5956 0
5979 135
5824 221
5831 89
5977 12
5824 90
5969 8
5977 21
6031 180
5819 261
5850 109
6031 102
5419 0
5606 32
5705 146
5782 68
5153 85
5331 10
5151 4
5397 24
5425 32
5462 0
5519 105
5564 37
5643 10
5694 47
5459 104
5521 12
5782 115
5779 26
5823 95
5906 72
5914 35
5979 32
5425 16
5436 132
5495 48
5521 50
5528 2
5655 15
5850 68
5975 74
6031 130
5125 28
5343 11
5361 154
5976 25
5824 64
5953 0
6030 34
5804 83
5906 68
5925 0
6046 103
5470 36
5525 54
5712 14
5756 4
5916 30
5985 206
5430 16
5513 64
5531 36
5588 41
5782 128
5769 29
5947 78
6036 1
5411 177
5433 158
5489 56
5532 8
5557 88
5712 85
5419 44
5532 57
5703 36
5709 70
5730 27
5774 58
5767 170
5824 59
5906 118
5930 17
5979 128
5824 106
5891 16
5909 15
5933 61
5977 99
5127 65
5364 41
5368 80
5385 60
5804 158
5824 49
5879 56
5880 32
5975 4
5953 19
5985 12
6031 78
5824 292
5914 72
5979 137
6043 117
5832 48
5925 41
5977 187
5929 64
5946 37
5891 4
5977 33
5411 8
5487 94
5489 0
5509 0
5581 0
5588 112
5653 101
5776 18
5782 100
5822 37
5824 165
5910 54
5938 58
5963 15
5433 138
5581 38
5586 36
5730 62
5128 8
5151 185
5332 168
5151 0
5343 0
5367 30
5437 36
5527 80
5564 163
5588 33
5601 14
5656 64
5216 7
5273 89
5403 4
5474 60
5509 4
5557 152
5705 49
5824 260
5899 40
6027 32
5765 43
5783 128
5825 32
5891 92
5921 123
5925 28
5772 4
5905 51
5916 32
5941 33
5437 139
5459 171
5474 20
5501 24
5541 52
5151 80
5187 62
5339 60
5272 62
5382 157
5157 121
5233 59
5384 36
5810 76
5821 61
5938 8
5977 180
6030 17
5411 186
5515 8
5536 88
5691 25
5774 32
5824 179
5966 74
6027 68
5452 20
5515 40
5588 52
5771 20
5783 139
5896 20
5924 28
5971 102
5918 24
5985 34
5211 61
5214 53
5403 24
5474 88
5497 156
5513 92
5693 0
5705 64
5823 242
5831 77
5877 12
5983 58
6043 163
5462 4
5525 24
5564 173
5617 36
5705 30
5709 145
5489 16
5515 126
5617 38
5185 2
5328 28
5777 29
5823 49
5832 146
5975 33
5830 52
5929 100
5975 88
5985 169
5996 15
6017 10
5536 48
5564 127
5713 25
5725 89
5829 9
5851 38
5947 17
5971 124
5428 24
5495 50
5558 8
5581 22
5826 66
5933 87
5966 8
6046 1
5162 41
5164 64
5177 46
5187 154
5344 56
5440 36
5519 116
5532 45
5561 54
5755 18
5154 188
5204 29
5208 132
5332 91
5433 106
5470 60
5497 88
5607 57
5774 107
5169 224
5185 10
5384 180
5526 18
5569 4
5718 33
5733 87
5155 54
5262 136
5326 28
5823 99
5832 16
5925 11
5941 2
5947 143
5961 18
5823 148
5824 43
5933 188
6027 111
5849 48
5937 12
5204 101
5229 9
5326 58
5771 16
5810 60
5935 30
6043 186
5151 32
5272 70
5326 66
5412 132
5512 28
5532 49
5589 56
5643 20
5418 49
5515 180
5607 27
5729 3
5151 31
5211 101
5326 31
5334 4
5918 42
5949 4
5953 22
5977 210
5208 104
5370 92
5155 58
5273 110
5278 46
5164 6
5208 116
5808 52
5880 28
6025 100
5819 162
5821 20
5845 48
5975 31
6031 39
5127 141
5130 59
5360 20
5391 32
5433 50
5581 30
5606 39
5703 8
5705 90
5169 48
5340 74
5810 28
5938 70
5947 131
5804 24
5832 93
6031 77
5425 0
5459 120
5520 20
5653 0
5722 32
5767 134
5411 72
5437 28
5515 156
5518 14
5719 85
5437 135
5512 13
5561 78
5726 45
5774 12
5397 132
5462 8
5515 146
5643 4
5765 75
5891 164
6046 107
5161 0
5262 161
5339 110
5412 92
5541 16
5586 203
5418 16
5485 28
5512 109
5519 122
5712 3
5771 50
5830 269
5947 160
5983 84
5810 84
5878 8
5891 120
5930 86
5935 57
5444 16
5558 24
5588 9
5653 51
5912 49
5977 75
6025 75
5820 18
5823 178
5831 50
5975 62
6026 73
6046 116
5161 16
5187 33
5328 60
5783 135
5824 203
5832 24
5906 127
5979 25
6031 129
5168 6
5192 29
5371 21
5810 50
5897 60
5966 0
5819 33
5879 24
5906 173
5966 6
5142 24
5331 176
5353 4
5397 109
5565 26
5617 23
5694 3
5705 54
5712 20
5138 9
5154 135
5169 178
5360 4
5361 118
5125 16
5179 80
5354 28
5385 172
5208 60
5397 4
5881 4
5918 28
5977 165
5164 73
5203 18
5239 7
5408 24
5487 76
5512 73
5561 18
5581 80
5598 105
5771 42
5822 8
5831 73
5966 128
5824 348
5832 197
5849 56
5879 36
6031 117
5497 132
5557 24
5706 8
5719 55
5779 16
5819 47
5906 98
5986 4
5169 20
5326 76
5761 21
5932 20
6046 65
5216 49
5273 139
5364 90
5273 1
5332 180
5923 36
5994 21
5762 79
5809 48
5823 44
5879 80
5910 107
5914 24
5154 184
5195 45
5368 28
5823 222
5830 76
5851 22
5975 53
6027 20
5127 36
5326 20
5366 10
5424 0
5528 44
5586 86
5588 64
5730 4
5452 40
5710 56
5722 0
5769 44
5810 90
5960 4
6046 77
5906 189
5932 32
5450 12
5509 24
5540 84
5541 41
5709 89
5897 32
5966 17
5819 59
5966 83
5969 0
6026 10
5823 231
5824 255
5906 24
5933 57
6043 132
5906 88
5949 32
5333 100
5394 24
5442 10
5525 4
5558 40
5606 88
5653 80
5490 8
5497 8
5500 8
5508 8
5516 70
5521 28
5598 81
5430 20
5452 63
5499 82
5697 2
5782 8
5154 22
5370 128
5804 141
5830 256
5892 12
5961 14
5765 19
5896 40
5961 62
5969 20
5437 119
5474 48
5508 102
5512 36
5519 156
5564 181
5762 122
5933 101
6031 68
5452 44
5515 208
5557 112
5569 16
5767 68
5774 24
5401 8
5528 40
5608 12
5643 42
5726 88
5804 103
5850 94
5937 5
5512 144
5710 33
5495 24
5519 174
5539 4
5693 1
5436 102
5437 62
5515 140
5643 30
5741 38
5830 88
5832 114
5877 0
5935 59
5808 23
5832 72
5977 192
5497 0
5508 26
5516 9
5540 76
5564 1
5586 99
5442 4
5513 10
5581 34
5650 52
5774 8
5781 0
5845 32
5985 192
5830 223
5979 104
6030 58
6031 69
5762 192
5808 8
5912 101
5947 107
5971 20
5401 32
5418 0
5459 52
5515 44
5517 20
5774 62
5824 170
5827 70
5870 28
5937 21
5959 15
5377 36
5384 196
5393 40
5912 12
5940 10
6026 78
5767 9
5839 8
5879 20
5933 94
5808 138
5925 188
5968 0
5474 76
5512 140
5654 51
5705 45
5776 0
5886 12
5948 23
6030 77
5419 112
5586 94
5726 82
5975 51
5990 40
6030 24
5783 0
5830 8
5924 20
5961 104
5762 85
5823 67
5832 214
5947 20
5985 55
6026 43
6027 109
5437 131
5499 94
5504 8
5540 8
5694 21
5722 15
5425 44
5497 163
5513 4
5561 70
5593 24
5278 92
5368 132
5382 69
5430 4
5437 200
5478 0
5487 16
5512 68
5536 44
5459 85
5512 105
5607 17
5489 52
5508 138
5558 56
5607 9
5726 57
5130 96
5192 1
5194 10
5339 70
5519 182
5526 7
5557 40
5705 62
5725 0
5157 39
5179 112
5280 138
5376 16
5515 114
5598 37
5706 20
5827 16
5966 109
5804 22
5906 44
5985 181
5155 109
5384 96
5411 148
5459 32
5495 0
5511 46
5513 72
5720 0
5418 94
5493 16
5557 28
5653 8
5830 140
5909 76
5930 30
5411 104
5507 24
5509 40
5532 89
5710 42
5726 48
5985 40
6000 0
5777 25
5953 10
5968 23
5979 11
5778 10
5879 60
5947 72
5982 38
5411 170
5500 18
5520 10
5541 96
5654 4
5730 60
5767 43
5474 96
5508 10
5564 177
5586 191
5774 83
5783 108
5831 65
5971 61
6031 121
5153 2
5194 3
5281 8
5805 22
5938 16
5419 36
5437 196
5499 0
5512 96
5515 4
5564 123
5326 0
5821 10
5929 81
5932 18
5427 20
5516 50
5586 117
5767 29
5521 41
5731 21
5909 45
5925 170
5824 28
5923 18
5127 8
5130 14
5187 128
5385 128
5819 210
5821 22
5938 38
5961 65
5921 52
5971 63
5776 4
5891 32
5912 94
5938 12
5985 59
5157 43
5189 22
5326 116
5437 183
5712 103
5733 52
5774 79
5819 184
5845 52
5899 16
6026 51
5778 32
5819 120
5941 24
5969 14
5979 62
5956 1
5960 50
5824 44
5941 27
5983 24
5436 80
5464 32
5499 162
5521 24
5730 45
5824 150
5832 179
5877 8
6026 75
6031 84
5977 202
5334 30
5339 92
5921 134
5961 70
5975 32
5783 124
5823 264
5909 59
5949 36
5157 65
5280 108
5391 4
5433 62
5499 178
5516 98
5533 12
5725 62
5428 4
5512 88
5513 14
5705 173
5518 13
5561 58
5647 4
5710 72
5712 52
5412 120
5564 93
5586 58
5733 43
5130 91
5187 54
5382 181
5440 8
5485 20
5586 74
5767 55
5412 36
5437 12
5444 44
5557 80
5653 57
5708 11
5712 70
5891 72
5924 16
6043 121
5769 8
5809 4
5832 118
5914 39
5783 69
5925 52
5985 61
5823 256
5914 108
5937 25
5990 34
5195 20
5382 196
5169 85
5394 28
5155 33
5162 40
5187 18
5280 4
5363 0
5368 68
5397 0
5499 10
5508 66
5561 10
5597 20
5598 67
5822 91
5971 46
5830 280
5899 32
5924 12
6001 25
6046 62
5762 28
5850 4
5891 20
5949 44
5976 29
5154 39
5187 209
5204 150
5214 40
5382 21
5897 56
5910 81
5937 50
5741 56
5824 160
5935 22
5966 212
5932 0
5938 32
5412 52
5478 19
5519 80
5540 80
5709 141
5364 136
5370 120
5364 162
5365 16
5370 16
5891 96
5983 96
5830 96
5885 8
5982 2
5994 0
5134 38
5273 25
5332 4
5157 125
5278 104
5331 204
5824 12
5933 26
6031 4
5810 32
5851 0
5961 24
5445 12
5478 47
5536 72
5617 13
5733 36
5154 29
5185 46
5326 104
5748 5
5830 212
5904 4
5990 48
6027 26
5761 0
5906 16
6000 10
5138 0
5263 47
5273 34
5906 139
5937 0
5942 11
5124 8
5146 1
5272 66
5365 20
5820 20
5924 0
6026 68
5411 84
5462 82
5512 127
5520 18
5588 37
5650 80
5691 13
5731 31
5169 43
5370 80
5169 28
5203 9
5211 11
5979 36
6046 33
5397 12
5581 42
5729 21
5779 27
5925 180
5933 32
5914 47
5966 64
5433 34
5540 24
5589 16
5691 150
5154 67
5187 191
5361 42
5382 57
5399 8
5195 12
5339 0
5906 40
5961 54
6043 149
5933 165
5947 25
5938 50
5975 91
5985 121
5464 8
5504 24
5709 33
5762 185
5850 140
5940 21
5929 29
5985 80
5756 23
5827 90
5831 101
5957 14
5436 106
5499 190
5557 144
5588 208
5593 8
5708 24
5280 40
5371 61
5394 8
5134 29
5278 84
5382 33
5237 40
5273 102
5343 27
5783 53
5823 79
5965 32
5977 191
5823 194
5832 230
5905 8
5971 96
6031 107
5452 32
5509 44
5516 16
5558 4
5712 75
5782 37
5804 107
5830 38
5850 90
5971 11
5767 194
5849 16
5998 0
6043 55
5418 120
5561 94
5588 108
5730 12
5767 15
5127 132
5229 20
5390 28
5451 2
5474 44
5520 0
5581 18
5489 48
5508 86
5516 62
5588 72
5810 103
5906 177
5935 90
5436 110
5489 40
5705 93
5733 0
5827 8
5870 31
5947 102
5966 41
5452 28
5558 64
5561 90
5598 60
5712 19
5776 42
5418 140
5474 56
5531 76
5564 33
5778 24
5808 74
5829 11
5987 8
6046 41
5819 132
5831 21
5832 62
5895 16
5914 84
5436 122
5487 0
5589 0
5709 127
5782 3
5762 26
5832 80
5932 8
5933 77
5419 12
5485 24
5531 28
5541 48
5586 121
5650 10
5155 42
5203 0
5208 52
5930 2
5946 65
5971 113
5762 221
5830 154
5933 67
5975 18
5411 88
5459 8
5518 0
5519 14
5536 56
5654 10
5912 81
5932 28
5910 61
5982 34
5771 58
5819 18
5850 149
5880 12
5988 14
5762 113
5827 4
5930 49
5832 160
6027 10
5820 4
5891 65
5933 175
5497 56
5581 46
5653 37
5703 5
5864 8
5910 0
5965 18
5998 11
6025 79
5401 0
5478 43
5497 72
5509 32
5515 10
5650 68
5730 15
5921 94
5979 33
5142 8
5189 12
5214 4
5382 37
5783 45
5819 97
5829 0
5924 38
5971 30
5985 17
5762 42
5819 101
5925 141
5930 0
5947 23
5433 122
5508 122
5564 91
5565 5
5589 4
5765 13
5154 158
5184 10
5374 32
5445 0
5541 104
5561 4
5583 9
5598 101
5606 63
5607 21
5767 96
5459 140
5515 78
5557 132
5691 138
5758 39
5783 41
5808 64
5961 94
5985 51
5804 181
5830 116
5895 28
5971 32
5147 17
5177 14
5179 184
5338 44
5382 65
5151 35
5179 196
5272 8
5344 28
5762 63
5823 129
5879 4
5891 45
5983 100
5933 47
5985 165
5765 58
5910 26
5933 169
5957 8
5826 5
5832 154
5845 4
5929 57
5845 8
5906 129
5937 3
5966 171
5459 124
5643 28
5694 41
5706 16
5767 151
5437 83
5513 18
5581 14
5589 20
5436 12
5437 16
5525 8
5606 42
5703 40
5824 66
5930 58
6030 44
6043 107
5832 129
5925 6
5946 76
5963 7
5281 18
5489 75
5516 110
5517 0
5558 48
5730 32
5393 62
5497 60
5519 86
5705 117
5187 48
5326 54
5151 193
5154 140
5273 118
5832 20
5979 90
6031 0
5810 44
5827 48
5933 71
5946 39
5819 158
5847 32
5966 157
5986 14
5157 35
5328 12
5384 32
5157 27
5195 25
5273 85
5364 210
5470 28
5508 74
5709 66
5830 0
5832 97
6030 107
6046 19
5819 29
5823 109
5879 28
5946 8
5966 72
5971 65
5821 38
5905 12
5925 10
5826 32
5830 231
5885 0
5891 172
5914 120
5946 63
5437 171
5516 54
5532 69
5719 35
5761 9
5482 0
5564 217
5617 24
5725 12
5741 12
5849 60
5886 8
5906 75
5925 184
5154 128
5262 51
5280 27
5382 93
5771 46
5823 190
5830 12
5850 136
5977 47
6030 19
5508 34
5515 36
5691 1
5710 8
5823 119
5933 112
5617 8
5654 55
5705 72
5328 52
5339 86
5136 37
5146 10
5184 5
5262 16
5384 48
5437 167
5459 72
5512 60
5515 183
5153 11
5339 44
5385 40
5804 55
5830 276
5850 121
5906 132
5977 156
5452 0
5500 0
5512 70
5539 24
5419 68
5511 14
5724 27
5418 30
5436 136
5521 49
5557 92
5588 8
5755 13
5918 0
5937 11
5947 35
5170 23
5328 84
5365 12
5272 74
5278 100
5433 22
5508 42
5518 29
5691 159
5719 43
5774 91
5804 59
5823 123
5824 310
5933 10
5947 53
6046 75
5391 20
5392 14
5606 18
5643 46
5726 11
5499 174
5512 101
5513 26
5762 150
5809 8
5925 7
6027 60
6043 102
5419 104
5437 203
5459 28
5489 79
5511 5
5519 67
5581 8
5583 30
5412 96
5433 8
5512 122
5515 14
5564 189
5588 176
5609 32
5694 38
5540 72
5561 46
5589 40
5725 38
5328 20
5384 4
5762 13
5938 21
5996 55
5819 67
5831 55
5885 6
5979 2
6017 14
5819 228
5824 136
5896 48
5979 114
5829 18
5909 49
5921 116
5949 30
5819 172
5831 0
5930 77
5940 8
5942 26
5963 13
5804 33
5988 4
6017 3
6031 98
5437 179
5508 30
5607 46
5779 32
5408 0
5482 16
5506 28
5525 16
5586 155
5731 27
5804 125
5826 20
5831 134
5933 186
5938 17
5966 187
5408 20
5499 74
5647 12
5726 1
5169 140
5332 52
5384 128
5171 47
5191 97
5368 76
5824 268
5929 120
5940 33
6043 154
5823 115
5877 28
5966 142
5778 28
5823 55
5830 216
5925 173
6027 36
5433 4
5507 16
5522 4
5531 68
5606 55
5724 20
5895 0
5909 53
5985 136
6031 49
5151 217
5154 85
5157 69
5237 55
5164 21
5216 41
5333 36
5459 56
5462 24
5508 50
5588 168
5653 48
5725 34
5399 46
5509 8
5531 80
5541 100
5589 76
5653 75
5804 29
5847 12
5924 8
5418 66
5499 134
5558 44
5708 7
5720 20
5765 0
5160 13
5273 13
5364 40
5451 30
5513 0
5695 16
5705 58
5419 4
5440 40
5487 90
5499 144
5521 68
5823 170
5850 32
5966 93
5136 17
5203 109
5211 20
5332 126
5436 8
5437 191
5527 52
5533 16
5564 205
5718 20
5776 60
5810 56
5914 68
5976 12
5819 87
5899 4
5977 87
6043 18
5127 100
5328 44
5361 100
5127 137
5263 25
5382 85
5127 90
5262 174
5322 0
5340 0
5733 61
5810 8
5870 4
5941 8
5966 51
5401 20
5501 32
5506 4
5536 68
5719 59
5762 32
5912 8
5929 52
5412 152
5515 56
5557 16
5564 143
5713 21
5758 15
5782 92
5762 0
5821 34
5839 24
5879 88
5932 10
5333 44
5409 4
5487 72
5512 115
5531 0
5433 78
5521 0
5561 118
5653 19
5712 99
5436 151
5499 5
5513 56
5729 89
5272 0
5370 8
5804 46
5827 29
5832 103
6027 102
5808 26
5810 48
5921 120
5933 117
5216 37
5375 16
5385 176
5403 28
5436 52
5541 20
5733 63
5826 54
5891 53
5937 47
5983 38
5411 96
5462 78
5536 12
5694 36
5726 17
5729 37
5399 54
5444 32
5519 32
5558 84
5593 52
5654 50
5782 77
5823 226
5897 16
6043 176
5762 54
5823 271
5839 4
5904 31
5949 16
5810 24
5839 40
5912 69
5946 46
5822 81
5979 82
5985 103
5804 0
5830 124
5986 15
6027 115
5157 45
5332 197
5367 38
5762 140
5810 104
5829 34
5935 84
5969 38
5462 20
5519 22
5709 17
5819 192
6031 26
5437 99
5588 24
5718 8
5725 59
5433 26
5464 16
5691 145
5733 58
5478 35
5501 16
5511 0
5521 55
5606 64
5397 105
5409 26
5452 60
5705 138
5758 30
5850 86
5909 57
5947 182
6027 14
5425 4
5506 24
5515 30
5557 52
5709 5
5755 3
5154 47
5273 131
5394 32
5512 217
5557 12
5589 92
5693 15
5720 40
5823 53
5831 78
5832 226
5961 84
6027 96
5765 3
5830 60
5960 62
5977 162
5444 4
5501 28
5512 44
5586 199
5384 204
5532 21
5569 20
5758 35
5171 43
5194 0
5332 160
5146 35
5151 183
5184 16
5326 88
5353 11
5470 24
5519 44
5532 4
5710 17
5823 157
5933 22
5969 30
5433 70
5487 24
5586 183
5703 48
5767 51
5912 24
5914 132
5933 8
6043 172
5412 69
5462 74
5482 30
5541 124
5561 8
5705 80
5411 152
5433 126
5504 28
5541 120
5767 176
5497 148
5516 78
5617 71
5705 26
5332 8
5361 54
5783 33
5824 20
5870 32
5891 37
5976 23
5164 52
5368 120
5390 0
5171 14
5233 70
5239 19
5822 25
5851 6
5921 102
5961 0
5433 114
5499 166
5507 32
5520 14
5758 51
5806 4
5847 24
5946 94
5985 56
5136 55
5262 31
5361 175
5125 32
5179 164
5273 148
5363 10
5778 20
5946 10
5959 4
5905 43
5909 10
5949 14
5437 58
5495 32
5588 0
5593 12
5437 48
5516 28
5536 32
5606 89
5712 140
5720 2
5464 20
5497 4
5499 146
5508 106
5643 18
5947 7
6031 14
5459 0
5462 40
5521 64
5154 21
5187 28
5332 97
5436 85
5607 58
5643 36
5703 12
5712 107
5433 162
5536 84
5650 34
5653 4
5709 95
5167 22
5229 34
5419 124
5487 32
5519 170
5564 13
5617 19
5154 43
5277 0
5340 63
5203 78
5333 60
5762 128
5832 222
5891 144
5906 196
5925 2
5845 0
5935 69
5994 41
5804 173
5824 324
5965 39
5977 64
5124 40
5179 194
5331 208
5419 72
5508 38
5614 10
5733 47
5748 10
5983 18
6031 201
5805 42
5827 32
5831 97
5971 82
5445 32
5462 98
5512 52
5519 62
5561 106
5643 8
5912 32
6026 62
5146 39
5333 18
5364 110
5824 92
5845 20
5921 30
5830 273
5845 40
5914 31
5419 16
5540 52
5607 8
5655 10
5769 53
5925 114
6046 49
5783 7
5819 142
5905 55
5966 87
5783 29
5947 45
5985 116
6000 8
5779 46
5810 12
5988 26
5906 160
5961 41
6046 15
5819 10
5987 4
5930 68
5960 38
5977 185
5412 176
5499 26
5525 32
5564 115
5650 30
5691 63
5755 0
5462 70
5565 14
5709 37
5729 23
5782 136
5904 13
5933 46
5946 21
5762 39
5809 60
5891 76
5933 110
5762 7
5804 111
5904 28
5960 10
5971 38
5827 62
5850 105
5914 51
5539 16
5541 12
5719 23
5136 46
5179 132
5262 12
5151 19
5229 68
5909 11
5959 12
5781 8
5880 0
5891 188
5966 153
6043 109
5819 168
5831 93
5912 87
5959 31
5179 120
5214 62
5332 193
5705 28
5712 123
5719 11
5412 0
5445 54
5462 66
5532 14
5650 4
5694 25
5779 30
5124 24
5197 33
5368 52
5450 4
5516 94
5521 62
5540 28
5609 28
5157 13
5328 96
5333 97
5385 52
5419 100
5525 52
5598 75
5712 92
5725 72
5412 168
5437 54
5569 30
5729 33
5827 117
5957 0
5971 13
5385 152
5433 66
5478 59
5609 24
5653 42
5693 23
5767 4
5832 12
5910 12
5947 118
5762 166
5912 73
5956 2
5906 114
5910 64
5966 14
6043 170
5412 116
5485 36
5522 0
5897 28
5916 20
5921 140
5418 8
5528 26
5561 26
5617 52
5710 64
5419 60
5557 20
5589 48
5656 23
5705 115
5712 12
5782 84
5895 36
5905 31
5960 51
5977 157
5436 98
5614 23
5647 36
5712 41
5719 79
5382 125
5512 135
5569 24
5588 135
5758 65
5155 22
5272 33
5385 148
5411 92
5497 16
5588 160
5589 84
5709 119
5733 76
5804 120
5832 209
5948 9
5391 8
5459 76
5497 24
5589 60
5617 53
5703 25
5823 238
5904 34
5979 149
6031 192
5762 74
5831 33
5905 64
5968 22
5985 151
5208 64
5370 24
5444 40
5452 4
5531 88
5564 5
5804 44
5830 128
5925 85
5485 16
5540 96
5566 8
5782 0
5430 24
5459 165
5512 196
5781 4
5905 63
5923 0
5937 9
5946 60
5960 20
5409 19
5411 44
5561 102
5597 42
5809 36
5946 86
5979 96
6031 125
5142 4
5204 49
5331 76
5459 158
5498 22
5588 196
5782 76
5436 128
5459 220
5501 60
5512 153
5134 13
5179 28
5204 19
5280 181
5433 110
5459 116
5513 20
5565 37
5694 7
5712 42
5187 181
5204 156
5229 44
5262 43
5411 156
5512 177
5566 20
5589 36
5593 4
5782 25
5437 111
5474 100
5497 68
5527 72
5561 50
5609 10
5169 144
5187 96
5262 208
5598 111
5650 14
5774 103
5762 60
5821 0
5839 52
5979 39
5804 67
5847 28
5946 48
5169 108
5280 68
5819 20
5914 110
5940 12
6025 71
5397 16
5433 102
5509 56
5541 68
5691 41
5425 20
5527 10
5586 195
5725 18
5729 53
5146 46
5147 0
5331 164
5361 204
5412 164
5459 161
5528 14
5557 32
5588 68
5782 53
5929 25
5960 12
5146 26
5191 78
5362 20
5824 250
5925 17
6001 13
5881 8
5935 16
5940 0
6043 19
5823 182
5830 235
5897 0
5910 85
5933 85
5437 127
5506 18
5532 93
5586 54
5601 6
5418 45
5508 98
5515 106
5561 130
5617 17
5124 6
5130 100
5168 23
5278 30
5361 38
5169 118
5262 47
5361 170
5459 4
5533 0
5703 68
5419 120
5480 0
5500 14
5507 28
5598 47
5691 155
5412 136
5531 44
5597 46
5719 75
5830 195
5961 91
5778 16
5891 12
6031 146
5769 57
5896 16
5941 4
6026 39
5169 180
5191 20
5339 111
5384 16
5433 142
5470 40
5512 24
5586 8
5607 42
5804 88
5839 48
5921 34
5823 246
5826 44
5963 4
5965 30
5966 175
5136 1
5187 199
5333 104
5127 4
5266 34
5280 52
5384 108
5411 16
5495 40
5501 40
5526 23
5695 12
5697 20
5720 7
5127 32
5333 72
5364 94
5385 164
5151 198
5263 43
5280 168
5338 42
5419 8
5515 130
5518 20
5586 50
5705 32
5433 134
5521 72
5557 128
5586 32
5617 0
5925 49
5976 0
6031 74
5146 0
5179 72
5233 120
5136 21
5169 69
5361 220
5809 58
5946 64
5947 0
5756 0
5921 90
6001 38
5766 8
5830 227
5925 150
5933 187
5965 9
5769 66
5819 75
5832 168
5851 46
5904 38
6031 221
5805 8
5877 36
5947 126
5969 34
5758 50
5819 93
5910 104
5921 38
5462 12
5532 29
5643 0
5697 16
5712 127
5436 143
5506 44
5515 87
5522 8
5541 44
5583 14
5758 13
5804 45
5850 12
5985 75
6027 38
6046 43
5411 100
5462 94
5482 20
5513 76
5597 18
5712 56
5725 65
5364 82
5397 117
5353 28
5154 118
5191 72
5332 110
5419 76
5557 148
5564 139
5653 104
5691 115
5710 37
5808 92
5880 4
5976 18
5988 8
5933 126
5985 125
5783 85
5820 0
5850 144
6025 96
5823 87
5918 20
5804 63
5892 40
5923 10
5783 3
5925 119
5947 86
5979 118
5169 220
5235 1
5783 25
5994 18
6046 58
5827 118
5914 141
5990 26
5462 44
5497 124
5519 63
5520 23
5656 26
5766 13
5823 32
5829 22
5896 0
5959 40
5909 33
5986 23
5996 61
6046 115
5151 12
5184 20
5262 64
5403 40
5512 139
5565 9
5588 127
5608 0
5767 206
5782 88
5891 140
5996 48
5147 7
5153 44
5204 57
5370 88
5153 19
5280 151
5340 4
5151 14
5215 55
5376 8
5419 56
5437 24
5567 8
5459 199
5516 109
5519 4
5523 0
5653 86
5691 32
5823 71
5929 118
5994 8
5819 194
5891 0
5977 104
5419 134
5499 204
5519 75
5527 4
5561 30
5761 1
5824 101
5845 68
5870 24
5959 0
5969 18
5444 8
5588 139
5597 54
5713 12
5418 12
5508 90
5656 53
5712 62
5758 45
5820 10
5961 58
5971 115
6027 76
5804 71
5891 168
5938 23
5879 32
5947 41
6001 2
5425 40
5589 24
5606 54
5691 161
5703 65
5425 24
5470 70
5519 26
5532 25
5561 74
5586 175
5597 30
5418 90
5470 61
5499 34
5513 52
5703 4
5741 7
5440 20
5470 56
5513 80
5614 14
5729 69
5164 41
5187 110
5375 4
5151 63
5155 18
5229 14
5340 14
5762 132
5850 24
5921 70
5971 133
6025 81
5497 120
5541 8
5712 76
5741 0
5151 87
5191 106
5270 24
5361 110
5830 180
5947 133
5971 68
5804 66
5912 45
5921 154
5933 135
5940 25
5376 20
5464 28
5499 46
5691 37
5729 73
5733 31
5168 13
5179 190
5399 66
5412 16
5436 126
5499 192
5528 18
5558 60
5729 49
5824 78
5925 123
5929 90
5975 20
5762 68
5941 20
5985 84
5157 90
5208 156
5399 16
5333 80
5361 68
5756 19
5823 233
5914 67
5977 77
6000 18
5134 19
5382 89
5397 128
5411 56
5462 32
5528 30
5724 0
5726 83
5194 21
5262 152
5377 52
5155 95
5204 60
5385 168
5155 79
5235 26
5382 105
5966 197
5975 35
5769 70
5897 64
5929 85
5965 16
5412 40
5499 66
5589 32
5719 39
5830 191
5971 74
5146 12
5151 190
5394 4
5411 144
5497 84
5541 0
5691 171
5703 59
5411 40
5508 126
5564 197
5703 0
5733 69
5419 116
5497 48
5499 9
5519 134
5194 15
5364 140
5397 133
5399 0
5142 20
5197 12
5361 34
5151 49
5154 106
5360 10
5136 5
5191 24
5377 28
5169 204
5191 69
5374 36
5412 56
5512 20
5519 52
5540 0
5541 112
5709 21
5169 128
5191 91
5216 60
5233 53
5164 4
5340 104
5361 158
5459 36
5565 33
5705 111
5948 13
5985 118
6031 168
5511 18
5691 88
5774 0
5427 0
5470 18
5478 15
5705 150
5722 27
5733 93
5151 45
5368 84
5393 12
5459 173
5464 0
5527 42
5586 151
5824 280
5947 174
5963 6
5157 99
5353 48
5367 8
5370 44
5216 45
5390 24
5147 11
5384 124
5278 10
5364 32
5124 32
5151 61
5154 120
5235 6
5412 72
5515 95
5598 52
5606 46
5851 10
5921 144
5155 100
5195 16
5361 126
5154 48
5331 56
5361 18
5365 29
5516 20
5558 76
5891 49
5941 31
5965 17
6046 146
5819 217
5822 51
5891 41
5925 96
5930 37
5353 36
5363 13
5912 16
5990 55
5437 87
5532 33
5566 0
5712 61
5588 216
5653 40
5655 4
5705 48
5169 76
5270 34
5331 128
5136 13
5203 96
5272 14
5390 36
5169 174
5338 24
5377 0
5808 112
5831 46
5940 19
5762 148
5870 16
5929 61
5996 30
5411 120
5532 81
5588 212
5726 61
5146 60
5157 21
5191 30
5370 104
5127 41
5192 22
5390 16
5151 51
5154 10
5194 9
5278 72
5397 83
5462 110
5516 24
5541 28
5569 12
5850 117
5921 80
6036 13
5142 12
5233 42
5354 16
5151 9
5278 76
5157 74
5169 73
5370 84
5433 58
5558 80
5609 20
5712 119
5412 44
5487 84
5564 77
5724 32
5766 17
5906 90
5923 40
5930 60
5806 8
5947 36
5805 34
5819 275
6027 56
5463 8
5490 1
5519 0
5607 90
5767 210
5127 86
5211 8
5262 184
5153 54
5229 13
5134 0
5187 183
5229 29
5270 43
5767 19
5845 72
5879 76
5891 124
5947 120
5914 20
6027 104
5824 233
5906 142
6001 15
5146 52
5151 30
5374 20
5179 124
5187 50
5385 140
5804 18
5809 54
5930 9
6031 115
5823 36
5832 99
5966 78
5805 14
5830 207
5977 108
5778 8
5899 44
5933 0
5983 93
5130 22
5154 33
5171 27
5338 32
5397 8
5418 128
5459 40
5509 28
5515 86
5557 84
5566 4
5713 4
5157 53
5237 8
5263 51
5384 152
5403 20
5480 8
5589 8
5691 102
5712 0
5767 76
5418 86
5532 85
5557 68
5588 192
5767 11
5136 59
5146 6
5361 76
5385 184
5203 74
5266 9
5384 20
5411 182
5459 89
5513 8
5564 101
5761 16
5782 96
5127 12
5328 32
5364 207
5142 28
5185 9
5331 36
5155 122
5331 52
5332 62
5364 218
5142 32
5266 0
5361 144
5808 86
5829 14
6046 128
5766 10
5831 69
5994 4
5478 27
5480 24
5504 12
5541 92
5593 16
5769 34
5914 16
5961 78
6000 12
5142 16
5233 93
5136 51
5177 9
5331 212
5146 21
5229 51
5374 52
5177 0
5181 6
5195 30
5216 19
5153 37
5157 1
5204 145
5394 40
5961 50
6026 0
5412 88
5499 30
5558 32
5706 0
5892 36
5935 78
5164 19
5179 68
5203 35
5370 40
5157 17
5326 60
5331 26
5433 18
5478 4
5519 40
5536 96
5643 52
5127 74
5179 148
5338 16
5157 5
5195 47
5215 12
5329 21
5344 68
5171 51
5179 48
5344 0
5831 1
5921 56
5779 14
5929 87
6026 47
5397 36
5452 16
5459 148
5536 92
5564 9
5195 68
5384 64
5810 95
5826 58
5910 93
6031 56
5155 71
5181 3
5184 33
5384 52
5127 50
5142 36
5169 6
5262 180
5390 52
5169 212
5344 4
5771 0
5910 89
5977 55
5151 40
5280 104
5368 56
5155 137
5160 4
5364 206
5397 89
5203 44
5339 40
5891 184
5966 149
5979 45
5151 25
5208 28
5216 25
5161 12
5361 212
5436 60
5532 101
5693 11
5712 115
5741 50
5427 24
5513 96
5536 0
5691 31
5705 181
5709 74
5733 75
5127 79
5130 53
5214 49
5280 45
5157 25
5187 43
5328 100
5147 27
5233 8
5382 0
5399 12
5124 36
5331 136
5366 4
5127 110
5204 43
5331 18
5827 66
5971 78
6046 8
5147 39
5354 8
5397 137
5497 44
5533 8
5557 0
5709 107
5233 20
5237 47
5189 0
5339 14
5419 108
5531 100
5606 26
5134 23
5235 8
5280 160
5147 4
5151 210
5167 27
5204 0
5384 140
5411 164
5418 22
5511 8
5589 80
5601 1
5724 13
5154 36
5187 23
5328 88
5394 16
5157 112
5328 8
5364 43
5130 15
5262 21
5270 0
5155 133
5361 20
5368 64
5136 33
5167 9
5340 22
5127 52
5179 76
5192 18
5326 128
5169 160
5328 76
5326 72
5382 109
5390 40
5124 44
5235 73
5333 56
5146 30
5281 28
5331 68
5364 128
5160 18
5216 20
5262 93
5151 1
5197 37
5384 164
5151 161
5169 12
5399 50
5151 169
5157 78
5340 92
5164 10
5191 47
5272 12
5332 84
5164 39
5233 90
5161 1
5169 55
5338 33
5368 20
