Data 5046 34 1737
Data 5906 164 8231
Data 6199 71 3582
Data 5351 66 3333
Data 5143 44 2204
Data 5733 46 2318
Data 5269 2 123
Data 4998 145 7296
Data 5093 59 2952
Data 5598 78 3916
Data 6963 122 6117
Data 6949 79 3951
Data 6955 179 8983
Data 7004 699 34972
Data 6984 31 1592
Data 6945 139 6954
Data 6936 207 10390
Data 6954 17 898
Data 6972 96 4814
Data 6957 19 998
Data 6805 0 27
Data 6949 36 1820
Data 6933 35 1773
Data 6960 107 5376
Data 6865 47 2370
Data 6799 60 3007
Data 6765 10 507
Data 6980 118 5945
Data 6888 44 2242
Data 6908 215 10776
Data 6991 122 6141
Data 6923 85 4277
Data 7079 29 1472
Data 7128 9 462
Data 7010 1171 58556
Data 7001 1051 52596
Data 7115 22 1115
Data 7026 841 42069
Data 7010 1317 65897
Data 7003 178 8919
Data 7057 43 2199
Data 7013 230 11528
Data 7132 7 373
Data 7001 973 48658
Data 7023 1687 84390
Data 7003 321 16066
Data 7021 94 4729
Data 7141 1 63
Data 7012 481 24068
Data 7020 83 4178
Data 7049 1035 51763
Data 7047 107 5370
Data 7165 6 319
Data 7079 5 295
Data 7012 1368 68434
Data 7128 60 3014
Data 7132 41 2091
Data 7163 13 681
Data 7146 57 2864
Data 7012 83 4193
Data 7003 1065 53258
Data 8100 27 1386
Data 8086 3 164
Data 8138 25 1264
Data 7411 60 3045
Data 7461 141 7094
Data 7584 23 1163
Data 7298 35 1751
Data 7361 15 780
Data 7650 2 116
Data 7054 1526 76313
Data 7634 128 6444
Data 7724 83 4174
Data 7307 39 1969
Data 7705 52 2649
Data 7333 18 904
Data 8078 24 1243
Data 7315 45 2264
Data 8312 60 3024
Data 7305 3 186
Data 8050 266 13328
nue_cc_qe 3 393 39233
nue_cc_qe 3 1770 176936
nue_cc_res 3 3648 364776
nc_pi0 3 7170 716908
nc_pi0 3 3606 360569
numu_cc_dis 3 2818 281772
nue_cc_dis 3 1725 172459
cosmic 3 5547 554666
nue_cc_mec 3 7753 775295
nc_pi0 3 3046 304508
nue_cc_qe 3 7990 798961
nue_cc_res 3 5125 512487
nc_pi0 3 1994 199317
cosmic 3 6437 643613
nc_pi0 3 6437 643646
nc 3 551 55100
nue_cc_qe 3 7795 779484
nc_pi0 3 3410 340933
nue_cc_mec 3 3410 340965
cosmic 3 5589 558818
nue_cc_qe 3 1320 131965
numu_cc_res 3 2391 239058
nue_bar_cc_mec 3 5956 595509
nue_cc_mec 3 5956 595516
nue_cc_res 3 4384 438315
nue_bar_cc_dis 3 5239 523801
numu_cc_res 3 5201 520086
nue_bar_cc_qe 3 5213 521251
nc_pi0 3 1196 119599
nue_cc_res 3 2777 277630
nue_bar_cc_qe 3 504 50386
nc_pi0 3 5369 536861
cosmic 3 4659 465868
numu_cc_res 3 7263 726216
nc_pi0 3 7263 726283
numu_cc_res 3 7263 726286
nc_pi0 3 4759 475857
nue_cc_qe 3 6081 608072
nue_cc_qe 3 6442 644133
nue_bar_cc_qe 3 7471 747056
nue_cc_qe 3 6658 665772
nue_cc_qe 3 532 53195
nue_cc_res 3 6586 658527
nue_cc_res 3 5516 551513
nue_bar_cc_qe 3 5386 538569
nue_cc_res 3 1181 118071
nue_cc_qe 3 7591 759085
nue_cc_qe 3 3673 367244
nue_cc_mixed 3 5215 521401
nue_cc_qe 3 5215 521480
nue_cc_out_fv 3 2993 299209
cosmic 3 1153 115281
nue_cc_res 3 7587 758671
numu_cc_dis 3 771 77065
nue_cc_mec 3 5608 560749
nc_pi0 3 3699 369838
nue_cc_qe 3 4376 437586
nue_cc_qe 3 2218 221704
nue_cc_qe 3 5986 598541
nue_cc_res 3 104 10383
nue_cc_qe 3 1221 122044
numu_cc_mec 3 1533 153258
nue_cc_qe 3 2694 269317
cosmic 3 6837 683622
nc_pi0 3 6837 683666
cosmic 3 6160 615944
numu_cc_res 3 2157 215677
nue_cc_qe 3 7314 731341
nue_cc_qe 3 7314 731359
nc_pi0 3 7480 747978
nue_cc_qe 3 3548 354705
numu_cc_mec 3 4198 419766
nue_cc_qe 3 4845 484405
nue_bar_cc_qe 3 4945 494494
nue_cc_qe 3 3529 352875
nue_cc_qe 3 4612 461163
nue_cc_qe 3 7876 787529
nue_cc_qe 3 837 83642
nue_cc_out_fv 3 6041 604018
nue_cc_qe 3 4347 434626
nue_cc_mec 3 1365 136429
nue_cc_mec 3 7888 788706
nue_cc_qe 3 1356 135535
numu_cc_qe 3 6382 638189
nue_cc_qe 3 401 40039
nue_cc_res 3 4115 411445
nue_cc_mec 3 4937 493666
nue_cc_qe 3 6655 665475
nue_bar_cc_qe 3 5463 546227
nue_cc_qe 3 5463 546261
nue_cc_qe 3 6723 672295
nue_cc_dis 3 3490 348948
nc_pi0 3 1751 175093
nc_pi0 3 1137 113669
nue_cc_mec 3 1259 125878
nue_cc_qe 3 6908 690713
nue_cc_res 3 6084 608348
nue_cc_qe 3 860 85985
nue_cc_qe 3 6580 657967
nue_cc_qe 3 5418 541774
nue_cc_qe 3 2351 235074
nue_cc_res 3 5864 586336
nue_bar_cc_mec 3 7666 766588
nue_cc_qe 3 2745 274450
nue_bar_cc_res 3 168 16744
nue_cc_qe 3 6303 630266
cosmic 3 2150 214979
nue_cc_qe 3 6693 669214
nue_cc_qe 3 1572 157102
numu_cc_dis 3 5144 514357
nue_cc_qe 3 6958 695791
nue_cc_out_fv 3 6135 613429
nue_cc_qe 3 1797 179677
nue_cc_mec 3 4058 405785
nue_cc_qe 3 3981 398018
nue_cc_qe 3 4442 444183
nue_bar_cc_res 3 4442 444197
nc_pi0 3 5810 580955
nue_cc_res 3 3193 319201
nue_cc_res 3 4543 454221
nue_cc_mec 3 4543 454226
nue_cc_qe 3 4543 454230
nc_pi0 3 3105 310437
numu_cc_qe 3 2487 248618
nue_cc_qe 3 6641 664036
nue_cc_qe 3 2710 270962
cosmic 3 2457 245637
nue_bar_cc_dis 3 1877 187632
nue_cc_mec 3 5490 548952
nue_bar_cc_qe 3 3294 329338
nue_cc_qe 3 3408 340732
nue_cc_res 3 6082 608151
nc_pi0 3 5600 559961
nue_cc_qe 3 5840 583918
nue_bar_cc_qe 3 4025 402490
cosmic 3 900 89934
nue_bar_cc_qe 3 2634 263348
nue_cc_dis 3 2761 276095
nue_bar_cc_qe 3 5312 531162
nue_cc_qe 3 1818 181710
nue_cc_qe 3 7015 701484
nue_cc_res 3 5858 585787
nue_bar_cc_res 3 6079 607893
numu_cc_mec 3 4810 480988
nue_bar_cc_dis 3 4122 412178
nue_cc_qe 3 858 85756
cosmic 3 4660 465941
nue_cc_mec 3 2696 269535
nue_cc_mec 3 3041 304010
nue_cc_dis 3 57 5607
nue_cc_qe 3 4526 452566
nue_cc_mec 3 1929 192836
cosmic 3 1013 101273
nue_bar_cc_qe 3 2027 202623
nue_cc_mec 3 4733 473228
cosmic 3 5315 531458
nue_cc_qe 3 4838 483703
cosmic 3 4028 402800
cosmic 3 544 54311
nc_pi0 3 5097 509608
nue_cc_dis 3 257 25631
nc_pi0 3 3805 380443
nue_cc_mec 3 6833 683242
nue_cc_mec 3 1792 179134
nue_cc_qe 3 6423 642205
nue_cc_qe 3 402 40157
numu_cc_qe 3 1279 127831
nue_bar_cc_res 3 7318 731706
nue_cc_qe 3 7681 768053
numu_cc_qe 3 1208 120783
nue_cc_res 3 3859 385841
cosmic 3 1734 173387
nue_cc_out_fv 3 5883 588274
numu_cc_res 3 3792 379143
nue_cc_mec 3 3365 336464
nue_cc_qe 3 7110 710993
cosmic 3 5272 527101
nue_cc_qe 3 5272 527132
nue_cc_qe 3 5772 577130
nue_cc_out_fv 3 1345 134411
nue_cc_qe 3 2721 272021
nue_bar_cc_qe 3 116 11572
numu_cc_qe 3 116 11579
nue_cc_mec 3 1773 177285
nue_bar_cc_qe 3 7123 712211
nc_pi0 3 288 28764
nc_pi0 3 288 28795
nue_bar_cc_mec 3 6878 687756
nue_cc_qe 3 4324 432354
nc_pi0 3 1604 160385
nue_bar_cc_res 3 4804 480338
nue_cc_qe 3 5105 510404
nue_cc_qe 3 5105 510438
nue_cc_res 3 3117 311657
cosmic 3 1443 144293
nue_cc_mec 3 3998 399708
nue_bar_cc_qe 3 7560 755946
nue_cc_qe 3 4362 436105
cosmic 3 6134 613376
nue_cc_qe 3 5654 565379
nue_cc_mixed 3 726 72525
numu_cc_dis 3 4870 486960
nue_cc_mec 3 7503 750243
nue_cc_res 3 7927 792620
nue_bar_cc_res 3 5717 571689
nue_cc_res 3 2554 255320
numu_cc_dis 3 7434 743342
nc_pi0 3 7434 743369
nue_cc_qe 3 4690 468935
cosmic 3 2984 298315
nue_cc_mec 3 3240 324000
numu_cc_res 3 4224 422346
nue_cc_qe 3 3843 384271
nue_cc_mec 3 4423 442205
nue_cc_qe 3 4423 442242
cosmic 3 2661 266068
numu_cc_dis 3 3916 391568
numu_cc_res 3 3485 348496
numu_cc_res 3 2628 262708
numu_cc_res 3 2628 262729
numu_cc_res 3 5387 538685
nue_cc_qe 3 5747 574697
nue_cc_qe 3 3759 375900
nue_cc_qe 3 2000 199931
numu_cc_res 3 1067 106672
nue_cc_qe 3 2973 297234
cosmic 3 4791 479012
nue_bar_cc_mec 3 3975 397409
nue_cc_qe 3 4311 431016
numu_cc_res 3 4299 429813
nue_cc_qe 3 607 60633
nue_cc_qe 3 2931 293077
cosmic 3 1009 100876
nue_cc_mec 3 897 89673
nue_cc_qe 3 22 2120
nue_cc_res 3 2482 248156
nue_bar_cc_qe 3 6656 665561
nue_bar_cc_qe 3 4420 441933
nue_cc_qe 3 1487 148673
nc_pi0 3 6710 670931
numu_cc_res 3 831 83098
nue_cc_qe 3 7893 789223
nue_bar_cc_res 3 6103 610280
nue_cc_qe 3 5357 535642
nue_cc_res 3 7205 720405
nue_cc_qe 3 6749 674885
numu_cc_mec 3 7391 739055
cosmic 3 2688 268724
numu_cc_dis 3 1927 192683
nc_pi0 3 4080 407925
nue_cc_qe 3 7958 795754
nc_pi0 3 3573 357244
nue_cc_dis 3 6921 692046
nc_pi0 3 6923 692257
numu_cc_dis 3 6063 606247
nue_cc_res 3 312 31177
nue_cc_qe 3 4039 403852
numu_cc_res 3 834 83314
nc_pi0 3 1724 172352
nue_cc_qe 3 5544 554337
nc_pi0 3 5015 501467
nc_pi0 3 6269 626829
nue_cc_out_fv 3 7216 721522
cosmic 3 3250 324922
nue_cc_mec 3 1220 121976
cosmic 3 6221 622001
nue_cc_qe 3 7222 722130
nue_cc_qe 3 7762 776197
nue_cc_res 3 5871 587034
numu_cc_mec 3 5443 544216
nue_cc_qe 3 4695 469465
numu_cc_mec 3 4695 469492
numu_cc_dis 3 5670 566957
nue_bar_cc_qe 3 5670 566983
nue_bar_cc_qe 3 2765 276418
nue_bar_cc_qe 3 3861 386020
nue_cc_qe 3 1694 169372
nue_cc_qe 3 4400 440000
cosmic 3 6811 681033
nue_bar_cc_qe 3 6811 681070
cosmic 3 6378 637791
nue_cc_dis 3 3132 313177
nue_cc_qe 3 291 29079
nue_cc_out_fv 3 638 63792
nue_bar_cc_qe 3 934 93340
numu_cc_res 3 5939 593896
nue_bar_cc_qe 3 3254 325372
nue_cc_mec 3 5955 595415
numu_cc_dis 3 5955 595453
nc_pi0 3 5824 582329
nue_cc_mec 3 6175 617500
nue_bar_cc_qe 3 7024 702385
nue_cc_qe 3 3851 385008
nue_cc_res 3 3954 395344
nue_cc_res 3 7490 748913
nue_cc_qe 3 3999 399889
nue_cc_qe 3 50 4997
nue_cc_mec 3 4794 479380
cosmic 3 1885 188441
nc_pi0 3 1283 128234
nue_cc_mec 3 1121 112075
nue_cc_res 3 3948 394767
nue_cc_qe 3 1377 137614
nue_cc_qe 3 3050 304978
nue_bar_cc_dis 3 4687 468678
nue_cc_qe 3 4294 429334
nc_pi0 3 3183 318221
nue_cc_res 3 6090 609000
nue_cc_mec 3 3252 325166
numu_cc_res 3 681 68006
nc_pi0 3 212 21152
nue_bar_cc_res 3 2551 255099
cosmic 3 222 22150
nc_pi0 3 4379 437882
nue_bar_cc_qe 3 5404 540336
nue_cc_qe 3 1788 178706
nue_cc_qe 3 7328 732745
nue_cc_qe 3 7081 708083
nue_cc_qe 3 2361 236019
nc_pi0 3 3664 366320
nue_cc_res 3 2161 216023
nue_bar_cc_res 3 6126 612539
numu_cc_res 3 5428 542769
numu_cc_qe 3 3762 376145
nue_bar_cc_qe 3 2639 263877
nue_cc_qe 3 5375 537472
nc_pi0 3 4357 435669
numu_cc_res 3 3393 339261
nue_cc_qe 3 3233 323210
cosmic 3 694 69392
nue_cc_mec 3 2023 202226
nue_cc_qe 3 5295 529493
nue_cc_qe 3 4170 416930
nue_cc_qe 3 3006 300527
nue_cc_qe 3 7565 756488
nue_bar_cc_qe 3 3084 308359
cosmic 3 4831 483088
nue_cc_qe 3 4158 415772
numu_cc_dis 3 3653 365252
nue_cc_qe 3 6254 625338
nue_bar_cc_qe 3 5838 583703
nue_cc_res 3 541 54052
nue_cc_qe 3 541 54060
nc_pi0 3 376 37531
nue_cc_mec 3 7686 768521
nue_cc_qe 3 3862 386121
nue_cc_mec 3 5916 591589
numu_cc_qe 3 5674 567327
nue_cc_mec 3 400 39990
nue_bar_cc_qe 3 4673 467280
nue_cc_qe 3 7790 778906
nc 3 7096 709576
cosmic 3 3574 357317
nue_cc_res 3 5665 566409
cosmic 3 5561 556039
nue_cc_dis 3 5561 556084
nue_bar_cc_qe 3 7808 780728
nue_cc_qe 3 7571 757019
nue_bar_cc_qe 3 4356 435531
nue_cc_qe 3 738 73719
nue_cc_dis 3 2918 291746
nue_cc_mec 3 4030 402941
numu_cc_res 3 466 46535
nue_cc_mec 3 7195 719452
numu_cc_dis 3 866 86503
nue_cc_mec 3 3721 372002
nue_cc_qe 3 7461 746021
cosmic 3 7492 749102
nue_cc_qe 3 6741 674006
nue_bar_cc_qe 3 6115 611471
nue_cc_qe 3 51 5043
numu_cc_dis 3 4699 469826
nue_cc_qe 3 5552 555160
unmatched 3 7597 759681
nue_bar_cc_res 3 7404 740335
nue_cc_mec 3 5592 559189
cosmic 3 7264 726328
cosmic 3 6375 637457
nue_cc_dis 3 6560 655933
nue_cc_qe 3 514 51349
nc_pi0 3 320 31919
nc 3 7304 730356
cosmic 3 2265 226412
nue_cc_mec 3 2265 226463
nue_cc_res 3 4171 417018
cosmic 3 1135 113423
nue_cc_out_fv 3 3864 386317
nue_cc_dis 3 7238 723797
nue_cc_mec 3 4555 455411
nc_pi0 3 4555 455414
nue_bar_cc_res 3 1563 156227
numu_cc_mec 3 5479 547866
nue_cc_mec 3 442 44119
nue_cc_qe 3 5742 574164
nc_pi0 3 2249 224875
nue_cc_qe 3 1601 160019
numu_cc_qe 3 1923 192214
nue_cc_qe 3 3289 328813
numu_cc_res 3 702 70159
nc_pi0 3 6875 687477
nue_cc_qe 3 3951 395042
nue_bar_cc_res 3 6222 622115
nue_cc_qe 3 7362 736117
nue_bar_cc_qe 3 4847 484656
nue_cc_qe 3 1093 109202
nue_cc_qe 3 1787 178604
nc_pi0 3 2254 225383
numu_cc_res 3 7483 748252
nue_bar_cc_coh 3 3625 362431
nc_pi0 3 1428 142714
nue_cc_qe 3 6359 635843
cosmic 3 3285 328500
nc_pi0 3 6273 627261
nue_bar_cc_qe 3 6273 627263
nue_bar_cc_qe 3 6534 653399
nue_cc_qe 3 3472 347157
numu_cc_res 3 5901 590022
nue_cc_qe 3 6698 669749
numu_cc_res 3 4910 490992
nue_cc_qe 3 1429 142810
nue_cc_out_fv 3 4481 448010
nc 3 4481 448086
numu_cc_qe 3 6922 692137
nue_cc_res 3 6713 671249
numu_cc_dis 3 330 32951
nue_bar_cc_res 3 5638 563793
nue_cc_qe 3 4031 403030
cosmic 3 3683 368202
nue_cc_qe 3 4947 494634
nue_cc_res 3 5195 519475
nue_cc_qe 3 5241 524092
nue_cc_mec 3 1780 177989
nue_cc_res 3 1780 178000
nue_cc_qe 3 1027 102608
nue_cc_mec 3 7894 789348
cosmic 3 2040 203911
nc_pi0 3 7987 798631
numu_cc_mec 3 3692 369170
nue_bar_cc_res 3 3692 369197
cosmic 3 3271 327053
nue_bar_cc_qe 3 2118 211783
nc_pi0 3 1684 168360
cosmic 3 1684 168388
nue_bar_cc_qe 3 7817 781622
nue_cc_coh 3 2522 252106
cosmic 3 5489 548813
nc_pi0 3 4301 430078
nue_cc_res 3 3316 331503
nue_bar_cc_mec 3 4644 464324
nue_bar_cc_qe 3 1049 104894
nc_pi0 3 4773 477247
nue_cc_qe 3 5284 528310
nue_cc_mec 3 6078 607788
nue_cc_qe 3 1018 101784
nue_cc_dis 3 5085 508465
nue_bar_cc_qe 3 2107 210631
nue_cc_mec 3 615 61417
nue_cc_mec 3 492 49135
nue_cc_qe 3 75 7424
nue_cc_res 3 4340 433923
nue_bar_cc_mec 3 4340 433925
nue_cc_qe 3 1903 190295
nue_cc_mec 3 6890 688920
nue_cc_dis 3 6890 688965
nue_cc_qe 3 4019 401802
nue_cc_out_fv 3 6460 645915
numu_cc_qe 3 6250 624970
nue_cc_qe 3 5784 578356
nue_bar_cc_mec 3 7824 782391
nue_cc_qe 3 610 60913
nc_pi0 3 5462 546179
nue_cc_qe 3 6830 682960
nue_cc_qe 3 4147 414647
nue_bar_cc_qe 3 4677 467662
nc_pi0 3 2693 269228
cosmic 3 6368 636713
cosmic 3 2200 219955
nc_pi0 3 5893 589259
nue_cc_qe 3 1467 146679
nue_cc_mec 3 3384 338384
nue_cc_qe 3 1355 135467
nue_cc_res 3 2022 202103
nue_cc_mec 3 4955 495465
nue_bar_cc_mec 3 7307 730647
nue_cc_qe 3 397 39695
nue_cc_qe 3 1471 147067
nue_cc_qe 3 2401 240075
cosmic 3 3471 347012
nue_cc_mec 3 505 50419
nue_bar_cc_mec 3 505 50424
nc 3 5346 534509
nue_cc_dis 3 707 70670
numu_cc_res 3 7157 715641
nue_cc_out_fv 3 3108 310708
nue_cc_qe 3 7902 790148
nue_cc_qe 3 4450 444959
numu_cc_res 3 3435 343470
cosmic 3 3435 343487
nue_cc_qe 3 6414 641326
nue_cc_res 3 1621 162077
nc_pi0 3 1202 120156
cosmic 3 7289 728851
nc_pi0 3 3580 357955
nc 3 7143 714284
numu_cc_res 3 4078 407746
nue_cc_qe 3 7513 751259
nue_bar_cc_mec 3 5542 554119
nue_bar_cc_dis 3 5542 554142
nc_pi0 3 5174 517390
nc 3 7297 729611
nue_cc_qe 3 7297 729686
nc_pi0 3 6142 614127
nue_cc_mec 3 6142 614168
numu_cc_qe 3 7780 777948
nue_cc_qe 3 7440 743957
nue_bar_cc_qe 3 7999 799858
nue_cc_res 3 4079 407896
nue_bar_cc_qe 3 896 89574
cosmic 3 3137 313639
nue_bar_cc_qe 3 5073 507245
nue_bar_cc_res 3 6782 678148
nc_pi0 3 7382 738117
nue_cc_res 3 4322 432129
nue_bar_cc_res 3 7689 768829
nue_cc_mec 3 7946 794553
nue_bar_cc_res 3 6584 658332
other_mixed 3 898 89798
numu_cc_res 3 1622 162150
nc_pi0 3 6742 674194
nue_cc_mec 3 7671 767086
nc 3 1717 171601
nue_cc_res 3 6513 651211
nue_cc_mec 3 2547 254627
nue_cc_res 3 6677 667648
nue_cc_qe 3 4323 432275
nue_cc_qe 3 4816 481557
numu_cc_qe 3 2669 266882
nue_cc_mec 3 5465 546434
nue_cc_mec 3 6169 616866
nue_cc_mec 3 3874 387309
numu_cc_res 3 1445 144426
nc_pi0 3 5377 537613
nue_cc_qe 3 5943 594201
nc_pi0 3 6676 667584
nue_cc_qe 3 4686 468600
nue_bar_cc_qe 3 6970 696980
nue_cc_res 3 7106 710589
cosmic 3 2490 248975
nue_bar_cc_qe 3 6724 672374
numu_cc_res 3 6107 610661
numu_cc_mec 3 3562 356105
nue_bar_cc_mec 3 4267 426700
nue_bar_cc_qe 3 7734 773336
cosmic 3 7734 773342
nue_bar_cc_qe 3 2056 205513
nue_bar_cc_qe 3 1053 105215
nue_cc_res 3 1558 155787
cosmic 3 141 14016
numu_cc_res 3 118 11783
cosmic 3 4868 486735
nue_cc_dis 3 4884 488312
nue_bar_cc_mec 3 6417 641648
nue_cc_qe 3 6766 676576
numu_cc_qe 3 6571 657070
nc_pi0 3 6462 646140
nue_cc_qe 3 6415 641463
nue_cc_qe 3 2715 271462
nc_pi0 3 2715 271483
nue_cc_qe 3 6956 695518
nue_cc_res 3 6193 619288
nue_cc_qe 3 3282 328126
nue_cc_qe 3 1868 186725
nue_cc_qe 3 4942 494117
nc_pi0 3 4942 494126
nue_cc_qe 3 4746 474503
nue_cc_res 3 4746 474533
nue_cc_qe 3 4445 444456
nue_cc_mec 3 3738 373716
nue_cc_mec 3 447 44687
nue_cc_qe 3 4837 483682
nc 3 970 96992
nue_cc_res 3 2947 294692
nue_cc_qe 3 2443 244231
nue_cc_qe 3 2443 244288
nc_pi0 3 5082 508132
nue_cc_dis 3 7338 733720
nue_cc_qe 3 1526 152552
nc_pi0 3 3134 313382
nue_cc_mec 3 5133 513256
nue_cc_qe 3 1755 175478
cosmic 3 3777 377673
nue_cc_qe 3 2297 229628
nue_bar_cc_res 3 3156 315583
nue_cc_qe 3 1219 121832
nue_bar_cc_qe 3 5256 525513
nue_bar_cc_qe 3 7549 754900
nue_cc_res 3 3583 358239
nue_cc_mec 3 2499 249823
nue_bar_cc_qe 3 7419 741847
nc_pi0 3 4274 427386
nue_cc_res 3 2528 252789
nue_cc_mec 3 1925 192460
nc_pi0 3 7875 787473
nue_cc_res 3 4415 441448
nue_cc_mixed 3 5885 588443
nue_bar_cc_qe 3 3743 374242
cosmic 3 1014 101316
nue_cc_qe 3 1014 101319
numu_cc_mixed 3 151 15062
nue_cc_mec 3 3283 328249
nue_bar_cc_qe 3 5060 505902
cosmic 3 7816 781580
numu_cc_dis 3 6098 609777
nue_cc_qe 3 2643 264219
nue_cc_qe 3 5406 540575
nue_cc_qe 3 5406 540577
nue_cc_qe 3 440 43941
cosmic 3 5142 514144
numu_cc_dis 3 4364 436301
nue_cc_res 3 5992 599189
nue_cc_qe 3 5651 565060
nue_cc_res 3 7606 760588
nue_cc_res 3 6721 672065
nc_pi0 3 7347 734685
cosmic 3 2276 227524
cosmic 3 2217 221610
numu_cc_res 3 5920 592000
nue_cc_res 3 5378 537790
nue_cc_mec 3 180 17972
cosmic 3 7769 776805
nue_cc_mec 3 6305 630418
nue_bar_cc_res 3 6305 630454
nue_cc_res 3 7877 787610
nue_bar_cc_dis 3 1630 162913
nue_cc_res 3 5877 587663
nue_bar_cc_res 3 223 22212
numu_cc_dis 3 3391 339050
nc_pi0 3 7547 754620
nc_pi0 3 3782 378194
nue_bar_cc_qe 3 5414 541307
nue_cc_mec 3 1145 114470
numu_cc_dis 3 4877 487666
numu_cc_res 3 3177 317674
cosmic 3 5096 509523
nue_cc_qe 3 5179 517853
nue_bar_cc_mec 3 7072 707165
nue_cc_qe 3 4013 401236
nue_cc_out_fv 3 4802 480112
nue_bar_cc_dis 3 3418 341733
nue_cc_qe 3 6040 603910
nue_cc_qe 3 1518 151762
nue_bar_cc_qe 3 7823 782300
nc_pi0 3 6367 636679
nue_cc_qe 3 7510 751000
nc 3 2116 211561
cosmic 3 5123 512276
nue_bar_cc_mec 3 7373 737243
nc 3 4477 447649
nue_cc_mec 3 2558 255727
numu_cc_dis 3 2558 255752
nc_pi0 3 7423 742245
nue_cc_qe 3 3261 326038
nue_bar_cc_qe 3 2194 219394
nc_pi0 3 1954 195315
nue_cc_qe 3 3452 345164
nc_pi0 3 1002 100101
nue_bar_cc_mec 3 6553 655228
nue_bar_cc_qe 3 2059 205845
nc_pi0 3 1663 166240
nue_cc_res 3 3544 354378
nue_cc_mec 3 5736 573521
nue_cc_mec 3 5736 573584
cosmic 3 199 19812
numu_cc_dis 3 6308 630766
nue_cc_dis 3 2916 291594
numu_cc_res 3 1662 166109
nc_pi0 3 2091 209082
other_mixed 3 6867 686696
nue_cc_qe 3 6043 604290
nc_pi0 3 5098 509792
numu_cc_res 3 764 76349
nc_pi0 3 1502 150182
nc 3 6381 638006
nue_cc_qe 3 6381 638091
nue_cc_qe 3 3731 373096
nue_bar_cc_qe 3 5942 594141
nue_bar_cc_qe 3 2733 273291
nc 3 3207 320610
nue_cc_res 3 1132 113164
nc_pi0 3 1289 128863
nue_cc_mec 3 4490 448911
nue_bar_cc_qe 3 2657 265681
cosmic 3 1250 124904
nc_pi0 3 7605 760497
nue_bar_cc_qe 3 6190 618916
nue_bar_cc_mec 3 2296 229558
nue_cc_mec 3 3882 388164
nc_pi0 3 7502 750159
nue_cc_qe 3 3386 338594
nc 3 3462 346170
cosmic 3 3420 341952
cosmic 3 7079 707898
cosmic 3 6940 693925
nue_cc_dis 3 140 13941
nue_cc_mec 3 743 74286
nue_cc_qe 3 6621 662080
cosmic 3 4656 465530
numu_cc_dis 3 5888 588707
nue_cc_mec 3 4432 443104
nue_cc_qe 3 4439 443867
nue_cc_mec 3 3643 364264
cosmic 3 2976 297561
nc_pi0 3 624 62375
nue_cc_res 3 7909 790848
nue_cc_res 3 4160 415944
nue_cc_mec 3 4958 495792
nue_cc_qe 3 3339 333820
numu_cc_res 3 4493 449222
nue_cc_res 3 6895 689412
nue_cc_qe 3 3336 333522
numu_cc_res 3 2117 211626
numu_cc_res 3 6044 604357
nue_bar_cc_qe 3 7849 784838
nue_cc_mec 3 7602 760136
nue_cc_qe 3 7610 760965
nue_cc_qe 3 325 32429
nue_cc_qe 3 2176 217595
numu_cc_dis 3 5728 572754
nue_cc_res 3 1258 125727
cosmic 3 5410 540919
nue_cc_mec 3 1408 140741
nue_cc_qe 3 275 27477
nc_pi0 3 5977 597665
nue_cc_mec 3 7488 748730
nue_cc_dis 3 886 88581
nc 3 2221 222011
nue_bar_cc_qe 3 3445 344418
nc_pi0 3 3445 344474
numu_cc_res 3 6988 698753
nue_cc_qe 3 7097 709658
nue_cc_mec 3 5019 501802
nue_cc_qe 3 1417 141688
nue_cc_qe 3 4541 454065
nue_cc_qe 3 5540 553965
nue_bar_cc_qe 3 6284 628383
nue_cc_res 3 6284 628393
nue_cc_mec 3 5773 577254
nue_cc_res 3 1881 188003
nue_cc_qe 3 2994 299325
nue_cc_qe 3 3260 325949
numu_cc_res 3 1642 164143
numu_cc_res 3 6946 694516
nue_cc_qe 3 4527 452671
nc_pi0 3 6182 618183
numu_cc_dis 3 7883 788284
nue_cc_qe 3 4869 486827
nue_cc_mec 3 8 793
nue_cc_mec 3 3421 342080
nue_cc_res 3 449 44880
nue_cc_qe 3 392 39128
nue_bar_cc_qe 3 5570 556998
nue_cc_qe 3 5850 584925
nc_pi0 3 5850 584996
nue_cc_mec 3 1178 117785
nue_cc_qe 3 7989 798887
nue_cc_qe 3 1071 107099
other_mixed 3 2081 208094
nue_cc_res 3 7891 789008
nue_cc_mec 3 1507 150633
nue_bar_cc_res 3 4446 444561
nue_cc_qe 3 5021 502086
nue_cc_qe 3 5095 509418
nue_cc_mec 3 2794 279367
nc_pi0 3 4094 409322
nue_cc_qe 3 7791 779090
nue_bar_cc_res 3 968 96768
nue_bar_cc_res 3 1184 118399
nue_cc_mec 3 4954 495313
nue_cc_qe 3 4954 495398
numu_cc_mec 3 7361 736031
nue_cc_mec 3 3687 368665
numu_cc_res 3 1338 133712
nue_cc_dis 3 2154 215346
numu_cc_res 3 4230 422969
nue_cc_qe 3 6731 673096
nue_cc_qe 3 657 65658
nc_pi0 3 4473 447249
nue_cc_res 3 4473 447298
nue_cc_qe 3 4751 475070
nue_cc_qe 3 4553 455235
nue_cc_qe 3 1906 190550
nue_cc_res 3 3118 311789
numu_cc_dis 3 557 55610
nue_cc_qe 3 5816 581550
nue_bar_cc_mec 3 5816 581576
cosmic 3 2857 285653
numu_cc_res 3 5543 554297
nue_cc_res 3 1325 132402
nc_pi0 3 3107 310675
nue_cc_qe 3 2097 209628
nc_pi0 3 5604 560374
cosmic 3 4876 487510
nue_cc_mec 3 7234 723306
nue_cc_res 3 2433 243238
nue_cc_res 3 45 4414
nue_cc_res 3 3613 361262
nue_cc_qe 3 6623 662256
nue_cc_qe 3 6484 648388
cosmic 3 2423 242294
nue_cc_qe 3 12 1104
nue_cc_qe 3 2458 245736
cosmic 3 322 32156
nue_cc_res 3 6297 629660
nue_cc_res 3 7108 710748
cosmic 3 4601 460081
nue_bar_cc_res 3 1732 173165
nue_cc_qe 3 984 98305
nc_pi0 3 5829 582883
nue_cc_res 3 7890 788984
nue_cc_dis 3 7443 744277
numu_cc_dis 3 3279 327860
cosmic 3 7320 731919
nue_cc_qe 3 6821 682006
nue_cc_qe 3 874 87334
nue_cc_mec 3 1472 147194
nue_cc_qe 3 5109 510856
nue_cc_mec 3 3865 386464
nue_cc_mec 3 6057 605603
nue_cc_res 3 7351 735009
cosmic 3 2437 243608
nue_cc_dis 3 3715 371467
nue_cc_qe 3 625 62424
nue_bar_cc_qe 3 7787 778685
nue_cc_qe 3 1225 122499
nue_cc_qe 3 2115 211442
nue_cc_out_fv 3 1036 103533
numu_cc_res 3 2228 222756
nue_cc_qe 3 2228 222761
nc_pi0 3 78 7737
cosmic 3 3723 372286
nc_pi0 3 3097 309694
nue_cc_qe 3 7159 715834
nue_cc_qe 3 6558 655784
nue_bar_cc_qe 3 3430 342934
nue_cc_dis 3 2378 237758
nue_cc_qe 3 7013 701231
nue_cc_res 3 3292 329114
nue_cc_qe 3 3292 329130
nue_cc_res 3 6722 672195
nue_cc_qe 3 2769 276877
nue_bar_cc_mec 3 213 21228
nue_cc_qe 3 1794 179309
numu_cc_dis 3 1635 163412
nue_cc_mec 3 267 26692
nue_bar_cc_qe 3 2847 284612
nue_cc_out_fv 3 3774 377347
nue_cc_qe 3 2334 233391
nc_pi0 3 5846 584560
numu_cc_dis 3 2539 253876
nue_cc_qe 3 6609 660885
nue_cc_qe 3 6696 669562
numu_cc_res 3 4973 497265
nue_cc_mec 3 6947 694603
nue_cc_qe 3 6619 661864
nue_cc_qe 3 6620 661966
nue_cc_qe 3 7922 792193
nue_cc_qe 3 7696 769572
nue_cc_qe 3 2400 239969
nue_cc_qe 3 6208 620785
nue_bar_cc_res 3 781 78030
cosmic 3 3029 302828
nue_cc_qe 3 6785 678447
nue_bar_cc_mec 3 6785 678465
nue_cc_qe 3 2891 289063
nc_pi0 3 1608 160791
nue_cc_mec 3 617 61681
nue_cc_res 3 6695 669455
nc_pi0 3 2100 209986
nue_cc_qe 3 5734 573307
numu_cc_dis 3 3358 335785
nue_bar_cc_qe 3 973 97204
nue_cc_mec 3 35 3446
nue_cc_res 3 415 41413
cosmic 3 5700 569908
nue_cc_qe 3 6328 632737
nue_cc_out_fv 3 5853 585261
nue_cc_out_fv 3 5853 585262
nue_cc_qe 3 7721 772038
nue_cc_qe 3 3838 383710
nue_cc_qe 3 6598 659747
nue_cc_mec 3 6598 659766
nue_cc_qe 3 937 93614
nc_pi0 3 1914 191328
nue_cc_qe 3 6529 652871
nue_bar_cc_qe 3 3446 344519
cosmic 3 477 47628
numu_cc_mec 3 5999 599895
nue_cc_qe 3 1692 169191
nue_bar_cc_mec 3 7921 792086
nue_cc_res 3 6456 645514
nue_cc_mec 3 7481 748056
numu_cc_qe 3 5892 589154
nue_cc_qe 3 1347 134681
nue_cc_qe 3 5963 596282
nue_cc_qe 3 7101 710076
nue_bar_cc_qe 3 5996 599526
nue_cc_mec 3 4303 430259
nue_cc_mec 3 1735 173484
nue_cc_qe 3 2385 238433
nc_pi0 3 7646 764508
nue_bar_cc_res 3 2678 267722
nue_cc_qe 3 4657 465658
nue_cc_mec 3 3028 302745
nue_cc_mixed 3 5326 532552
nue_bar_cc_mec 3 2980 297909
numu_cc_dis 3 1490 148914
nue_cc_mec 3 2592 259153
nue_bar_cc_mec 3 7737 773681
nue_cc_res 3 6013 601299
nc_pi0 3 3667 366640
nue_bar_cc_qe 3 512 51161
nue_cc_mec 3 5143 514243
nue_bar_cc_res 3 4549 454815
nue_cc_qe 3 7453 745228
nue_bar_cc_qe 3 6523 652257
nue_cc_mec 3 6110 610937
nc 3 181 18086
nue_cc_qe 3 5933 593300
nue_bar_cc_qe 3 1932 193124
nue_cc_qe 3 2099 209894
numu_cc_qe 3 2236 223558
nue_cc_qe 3 3796 379543
nue_bar_cc_res 3 3563 356243
nue_cc_qe 3 1920 191912
nue_cc_dis 3 5990 598912
nue_cc_qe 3 5990 598916
nue_cc_qe 3 5990 598997
cosmic 3 4365 436468
nue_cc_qe 3 3970 396972
nue_cc_qe 3 3970 396994
nue_cc_qe 3 6077 607618
nue_cc_out_fv 3 5208 520779
nue_cc_qe 3 7652 765123
cosmic 3 7812 781148
nue_cc_res 3 7408 740744
cosmic 3 7408 740760
nue_cc_qe 3 3499 349804
nue_cc_mec 3 3335 333433
